159	136	99	159	136	99
104	117	103	104	117	103
11	13	11	11	13	11
97	73	49	97	73	49
106	62	50	106	62	50
23	50	76	23	50	76
108	51	41	108	51	41
39	65	77	39	65	77
82	44	32	82	44	32
13	14	14	13	14	14
36	57	68	36	57	68
12	15	13	12	15	13
79	39	31	79	39	31
27	62	93	27	62	93
116	61	44	116	61	44
35	64	85	35	64	85
14	16	13	14	16	13
22	25	45	22	25	45
24	49	70	24	49	70
160	148	97	160	148	97
218	236	137	218	236	137
91	40	34	91	40	34
22	29	42	22	29	42
94	53	35	94	53	35
96	46	31	96	46	31
52	88	102	52	88	102
190	148	104	190	148	104
0	0	0	0	0	0
22	33	22	22	33	22
94	57	49	94	57	49
69	34	28	69	34	28
26	49	71	26	49	71
190	156	111	190	156	111
25	57	85	25	57	85
35	87	117	35	87	117
75	85	76	75	85	76
30	79	107	30	79	107
85	47	45	85	47	45
87	48	30	87	48	30
13	15	14	13	15	14
108	123	104	108	123	104
36	103	118	36	103	118
94	39	33	94	39	33
16	18	16	16	18	16
29	49	78	29	49	78
26	70	106	26	70	106
23	37	60	23	37	60
15	16	13	15	16	13
25	39	67	25	39	67
22	25	21	22	25	21
21	26	36	21	26	36
24	33	58	24	33	58
43	49	49	43	49	49
74	39	32	74	39	32
100	52	41	100	52	41
25	45	67	25	45	67
129	83	76	129	83	76
105	60	45	105	60	45
155	145	114	155	145	114
28	32	30	28	32	30
13	15	12	13	15	12
79	32	26	79	32	26
15	20	14	15	20	14
12	15	12	12	15	12
15	16	13	15	16	13
225	239	219	225	239	219
140	156	137	140	156	137
29	76	106	29	76	106
86	39	35	86	39	35
27	63	95	27	63	95
99	55	42	99	55	42
24	42	63	24	42	63
90	44	34	90	44	34
26	61	92	26	61	92
70	48	29	70	48	29
14	16	16	14	16	16
34	20	16	34	20	16
21	22	13	21	22	13
89	41	33	89	41	33
29	73	107	29	73	107
57	134	155	57	134	155
132	129	107	132	129	107
57	31	24	57	31	24
17	20	21	17	20	21
15	16	14	15	16	14
15	16	14	15	16	14
169	102	74	169	102	74
12	13	13	12	13	13
95	65	47	95	65	47
102	53	42	102	53	42
26	68	99	26	68	99
98	57	40	98	57	40
181	161	120	181	161	120
33	67	85	33	67	85
102	47	38	102	47	38
13	16	15	13	16	15
48	22	17	48	22	17
14	15	13	14	15	13
164	145	108	164	145	108
144	102	80	144	102	80
15	16	12	15	16	12
111	62	48	111	62	48
22	26	41	22	26	41
93	55	42	93	55	42
27	67	100	27	67	100
78	46	35	78	46	35
117	76	57	117	76	57
29	68	98	29	68	98
28	48	73	28	48	73
12	15	13	12	15	13
25	63	91	25	63	91
25	44	63	25	44	63
174	163	122	174	163	122
21	27	37	21	27	37
27	65	87	27	65	87
92	39	32	92	39	32
166	144	113	166	144	113
154	132	101	154	132	101
38	111	137	38	111	137
15	17	14	15	17	14
216	237	207	216	237	207
86	48	36	86	48	36
40	102	131	40	102	131
16	18	17	16	18	17
22	27	47	22	27	47
13	14	14	13	14	14
24	30	41	24	30	41
15	16	14	15	16	14
27	50	72	27	50	72
43	93	110	43	93	110
31	75	103	31	75	103
132	112	90	132	112	90
39	100	132	39	100	132
23	30	53	23	30	53
33	85	117	33	85	117
101	58	38	101	58	38
19	24	26	19	24	26
160	91	70	160	91	70
136	86	66	136	86	66
94	51	36	94	51	36
63	32	28	63	32	28
21	24	39	21	24	39
108	80	57	108	80	57
44	109	128	44	109	128
67	36	24	67	36	24
15	16	15	15	16	15
46	104	126	46	104	126
187	146	100	187	146	100
31	72	98	31	72	98
31	69	98	31	69	98
63	31	25	63	31	25
41	100	130	41	100	130
34	59	75	34	59	75
118	129	110	118	129	110
25	29	25	25	29	25
38	99	130	38	99	130
216	237	208	216	237	208
20	18	15	20	18	15
158	136	98	158	136	98
29	74	104	29	74	104
147	118	81	147	118	81
18	19	18	18	19	18
102	50	40	102	50	40
177	167	125	177	167	125
24	41	59	24	41	59
24	28	42	24	28	42
34	63	50	34	63	50
25	54	82	25	54	82
14	14	13	14	14	13
27	68	103	27	68	103
154	116	92	154	116	92
33	88	115	33	88	115
38	117	145	38	117	145
14	17	13	14	17	13
108	97	64	108	97	64
20	23	36	20	23	36
11	14	12	11	14	12
12	16	14	12	16	14
87	39	31	87	39	31
176	158	113	176	158	113
15	17	15	15	17	15
15	16	14	15	16	14
28	45	73	28	45	73
79	33	26	79	33	26
13	15	14	13	15	14
151	117	73	151	117	73
32	74	101	32	74	101
176	172	130	176	172	130
101	39	34	101	39	34
14	16	16	14	16	16
59	32	25	59	32	25
24	52	80	24	52	80
169	159	111	169	159	111
101	53	39	101	53	39
97	46	36	97	46	36
25	58	87	25	58	87
65	34	25	65	34	25
29	52	81	29	52	81
12	14	13	12	14	13
16	17	15	16	17	15
47	120	142	47	120	142
14	15	13	14	15	13
162	133	105	162	133	105
24	56	88	24	56	88
94	52	36	94	52	36
57	105	117	57	105	117
15	16	13	15	16	13
14	15	12	14	15	12
38	96	120	38	96	120
157	154	114	157	154	114
79	105	101	79	105	101
11	14	11	11	14	11
18	19	15	18	19	15
21	30	44	21	30	44
25	32	31	25	32	31
31	72	106	31	72	106
17	19	18	17	19	18
13	15	13	13	15	13
12	14	12	12	14	12
107	56	44	107	56	44
20	38	58	20	38	58
220	236	138	220	236	138
71	101	92	71	101	92
29	59	77	29	59	77
25	46	74	25	46	74
33	97	120	33	97	120
115	69	60	115	69	60
61	37	29	61	37	29
43	23	16	43	23	16
13	16	13	13	16	13
15	16	15	15	16	15
27	69	135	27	69	135
98	40	30	98	40	30
185	207	181	185	207	181
31	69	89	31	69	89
15	17	15	15	17	15
175	167	131	175	167	131
16	19	18	16	19	18
24	52	77	24	52	77
14	16	12	14	16	12
29	49	64	29	49	64
24	55	78	24	55	78
31	77	106	31	77	106
29	70	101	29	70	101
22	24	34	22	24	34
70	29	20	70	29	20
14	14	14	14	14	14
15	17	14	15	17	14
32	74	100	32	74	100
27	46	75	27	46	75
15	18	15	15	18	15
27	65	96	27	65	96
216	237	208	216	237	208
12	14	13	12	14	13
29	75	106	29	75	106
87	38	30	87	38	30
63	26	22	63	26	22
15	17	14	15	17	14
93	43	40	93	43	40
13	16	14	13	16	14
13	16	14	13	16	14
95	49	39	95	49	39
13	13	12	13	13	12
82	46	35	82	46	35
23	35	55	23	35	55
14	16	15	14	16	15
13	15	13	13	15	13
40	109	138	40	109	138
32	80	109	32	80	109
109	48	36	109	48	36
166	144	113	166	144	113
88	45	34	88	45	34
147	112	81	147	112	81
19	27	29	19	27	29
67	75	67	67	75	67
21	21	15	21	21	15
30	69	98	30	69	98
34	92	117	34	92	117
51	123	149	51	123	149
29	76	104	29	76	104
92	51	39	92	51	39
27	61	88	27	61	88
46	19	17	46	19	17
186	175	125	186	175	125
86	49	37	86	49	37
27	46	70	27	46	70
65	94	87	65	94	87
33	88	118	33	88	118
61	40	28	61	40	28
84	40	32	84	40	32
39	100	130	39	100	130
41	108	139	41	108	139
79	32	25	79	32	25
27	64	91	27	64	91
11	14	10	11	14	10
13	16	12	13	16	12
216	236	138	216	236	138
28	77	108	28	77	108
17	19	15	17	19	15
25	53	78	25	53	78
87	29	24	87	29	24
26	56	76	26	56	76
22	25	35	22	25	35
147	112	96	147	112	96
92	59	41	92	59	41
16	18	20	16	18	20
156	128	90	156	128	90
50	30	23	50	30	23
15	19	18	15	19	18
113	61	48	113	61	48
90	45	36	90	45	36
76	41	32	76	41	32
87	46	37	87	46	37
215	175	135	215	175	135
15	13	12	15	13	12
23	26	36	23	26	36
114	57	44	114	57	44
32	16	17	32	16	17
111	125	108	111	125	108
104	125	114	104	125	114
40	107	137	40	107	137
31	76	105	31	76	105
28	72	105	28	72	105
25	39	50	25	39	50
29	59	84	29	59	84
133	127	91	133	127	91
13	18	14	13	18	14
28	56	80	28	56	80
49	101	114	49	101	114
192	167	121	192	167	121
62	37	27	62	37	27
107	55	43	107	55	43
11	13	11	11	13	11
33	81	108	33	81	108
12	15	12	12	15	12
72	32	27	72	32	27
132	113	87	132	113	87
27	37	55	27	37	55
15	16	14	15	16	14
20	21	16	20	21	16
37	19	15	37	19	15
68	34	27	68	34	27
14	14	12	14	14	12
35	96	129	35	96	129
219	235	135	219	235	135
24	52	83	24	52	83
16	20	18	16	20	18
104	120	108	104	120	108
26	53	78	26	53	78
47	119	136	47	119	136
43	114	145	43	114	145
22	29	43	22	29	43
110	57	44	110	57	44
12	15	12	12	15	12
130	80	59	130	80	59
42	112	134	42	112	134
82	40	30	82	40	30
35	75	106	35	75	106
20	25	40	20	25	40
34	71	99	34	71	99
29	69	95	29	69	95
22	32	49	22	32	49
25	37	51	25	37	51
59	38	29	59	38	29
96	53	38	96	53	38
137	116	93	137	116	93
148	119	92	148	119	92
0	0	0	0	0	0
138	96	66	138	96	66
39	98	130	39	98	130
143	105	88	143	105	88
184	149	105	184	149	105
94	52	39	94	52	39
21	29	44	21	29	44
44	129	152	44	129	152
14	17	17	14	17	17
89	48	34	89	48	34
76	40	37	76	40	37
40	26	17	40	26	17
23	24	24	23	24	24
27	45	66	27	45	66
5	15	5	5	15	5
173	134	100	173	134	100
15	16	15	15	16	15
23	37	59	23	37	59
33	85	121	33	85	121
53	140	166	53	140	166
149	109	86	149	109	86
12	15	10	12	15	10
30	73	106	30	73	106
21	23	37	21	23	37
33	87	116	33	87	116
14	14	14	14	14	14
14	16	13	14	16	13
19	20	27	19	20	27
15	17	16	15	17	16
170	161	120	170	161	120
215	233	136	215	233	136
41	23	17	41	23	17
91	51	41	91	51	41
82	36	37	82	36	37
21	23	33	21	23	33
168	145	107	168	145	107
16	18	17	16	18	17
14	17	14	14	17	14
93	43	33	93	43	33
23	33	49	23	33	49
35	89	113	35	89	113
32	79	107	32	79	107
34	80	114	34	80	114
84	40	32	84	40	32
13	17	15	13	17	15
80	52	44	80	52	44
15	18	16	15	18	16
91	53	39	91	53	39
24	41	65	24	41	65
28	70	99	28	70	99
107	77	53	107	77	53
58	31	25	58	31	25
169	136	96	169	136	96
31	58	65	31	58	65
241	241	241	241	241	241
168	160	114	168	160	114
64	33	27	64	33	27
34	57	73	34	57	73
98	59	49	98	59	49
28	44	72	28	44	72
28	42	70	28	42	70
18	16	19	18	16	19
119	130	110	119	130	110
102	49	35	102	49	35
25	68	101	25	68	101
80	100	92	80	100	92
14	15	14	14	15	14
28	66	92	28	66	92
78	31	25	78	31	25
31	70	101	31	70	101
161	133	86	161	133	86
15	18	18	15	18	18
42	108	136	42	108	136
27	39	58	27	39	58
46	20	15	46	20	15
152	131	92	152	131	92
40	56	41	40	56	41
23	45	69	23	45	69
31	72	99	31	72	99
88	98	93	88	98	93
66	38	28	66	38	28
28	64	85	28	64	85
27	62	88	27	62	88
13	16	14	13	16	14
24	52	78	24	52	78
156	134	106	156	134	106
26	51	75	26	51	75
37	112	142	37	112	142
30	70	92	30	70	92
24	29	49	24	29	49
72	45	37	72	45	37
136	109	82	136	109	82
95	53	41	95	53	41
44	30	29	44	30	29
47	18	16	47	18	16
32	65	93	32	65	93
12	16	14	12	16	14
131	153	138	131	153	138
26	40	67	26	40	67
12	14	12	12	14	12
153	120	84	153	120	84
50	120	140	50	120	140
29	74	99	29	74	99
14	16	16	14	16	16
14	15	14	14	15	14
20	25	21	20	25	21
157	109	90	157	109	90
21	29	49	21	29	49
32	89	121	32	89	121
68	36	31	68	36	31
22	43	67	22	43	67
36	70	92	36	70	92
190	159	115	190	159	115
133	116	85	133	116	85
20	22	33	20	22	33
15	17	15	15	17	15
115	127	108	115	127	108
87	51	40	87	51	40
28	58	84	28	58	84
74	33	24	74	33	24
42	109	138	42	109	138
220	209	158	220	209	158
78	37	31	78	37	31
25	29	46	25	29	46
29	67	88	29	67	88
33	57	48	33	57	48
14	18	16	14	18	16
46	95	119	46	95	119
78	36	28	78	36	28
181	141	115	181	141	115
23	50	73	23	50	73
143	111	78	143	111	78
52	25	18	52	25	18
23	24	30	23	24	30
15	18	15	15	18	15
13	14	13	13	14	13
29	73	107	29	73	107
11	13	11	11	13	11
15	18	15	15	18	15
141	122	95	141	122	95
24	44	68	24	44	68
222	187	137	222	187	137
87	60	44	87	60	44
15	16	13	15	16	13
27	51	76	27	51	76
62	30	24	62	30	24
26	27	25	26	27	25
133	103	86	133	103	86
18	27	21	18	27	21
92	54	47	92	54	47
11	15	12	11	15	12
13	15	13	13	15	13
133	69	51	133	69	51
115	126	106	115	126	106
137	110	83	137	110	83
155	124	91	155	124	91
71	38	30	71	38	30
14	16	13	14	16	13
53	63	70	53	63	70
27	61	98	27	61	98
29	76	111	29	76	111
78	41	31	78	41	31
22	27	40	22	27	40
58	74	73	58	74	73
15	18	17	15	18	17
32	97	127	32	97	127
19	22	33	19	22	33
25	34	53	25	34	53
29	53	69	29	53	69
83	51	37	83	51	37
22	30	47	22	30	47
109	94	75	109	94	75
15	17	15	15	17	15
29	67	91	29	67	91
15	15	14	15	15	14
29	75	106	29	75	106
25	56	75	25	56	75
141	117	86	141	117	86
103	56	49	103	56	49
14	14	14	14	14	14
20	22	32	20	22	32
14	17	14	14	17	14
162	153	129	162	153	129
13	14	11	13	14	11
142	113	75	142	113	75
15	16	15	15	16	15
25	58	88	25	58	88
96	41	32	96	41	32
49	21	17	49	21	17
34	51	78	34	51	78
61	120	145	61	120	145
13	16	14	13	16	14
12	14	11	12	14	11
27	50	72	27	50	72
20	21	35	20	21	35
38	80	97	38	80	97
89	37	28	89	37	28
48	114	140	48	114	140
99	61	48	99	61	48
14	15	16	14	15	16
149	132	93	149	132	93
116	53	38	116	53	38
118	130	110	118	130	110
80	38	30	80	38	30
26	37	57	26	37	57
30	63	88	30	63	88
80	43	32	80	43	32
27	56	79	27	56	79
105	52	42	105	52	42
26	58	85	26	58	85
27	58	84	27	58	84
14	16	16	14	16	16
188	172	131	188	172	131
67	95	95	67	95	95
27	63	95	27	63	95
92	36	28	92	36	28
12	15	14	12	15	14
96	47	36	96	47	36
23	29	42	23	29	42
15	16	15	15	16	15
14	15	12	14	15	12
22	28	49	22	28	49
80	33	27	80	33	27
15	17	14	15	17	14
86	32	27	86	32	27
81	42	33	81	42	33
27	47	68	27	47	68
16	17	15	16	17	15
58	32	25	58	32	25
174	168	132	174	168	132
33	84	113	33	84	113
209	189	138	209	189	138
33	67	84	33	67	84
24	39	57	24	39	57
31	67	95	31	67	95
13	15	13	13	15	13
16	17	16	16	17	16
15	16	15	15	16	15
12	14	11	12	14	11
19	20	19	19	20	19
210	227	129	210	227	129
35	53	83	35	53	83
98	44	36	98	44	36
13	15	14	13	15	14
45	111	141	45	111	141
173	133	104	173	133	104
33	45	47	33	45	47
21	44	72	21	44	72
33	70	82	33	70	82
27	44	57	27	44	57
58	29	22	58	29	22
57	65	58	57	65	58
20	21	18	20	21	18
37	105	134	37	105	134
69	35	24	69	35	24
127	114	88	127	114	88
15	17	13	15	17	13
26	64	87	26	64	87
228	239	217	228	239	217
160	116	79	160	116	79
14	16	15	14	16	15
99	58	40	99	58	40
126	87	61	126	87	61
34	73	98	34	73	98
35	92	118	35	92	118
13	15	13	13	15	13
159	133	109	159	133	109
80	30	27	80	30	27
38	80	96	38	80	96
143	111	89	143	111	89
26	38	51	26	38	51
73	38	34	73	38	34
32	75	107	32	75	107
80	33	28	80	33	28
151	122	97	151	122	97
22	30	43	22	30	43
61	30	23	61	30	23
56	132	150	56	132	150
213	234	138	213	234	138
111	92	72	111	92	72
138	81	58	138	81	58
14	14	13	14	14	13
13	14	11	13	14	11
14	16	15	14	16	15
17	31	52	17	31	52
117	71	68	117	71	68
12	13	12	12	13	12
43	77	92	43	77	92
200	167	127	200	167	127
70	36	29	70	36	29
224	197	140	224	197	140
161	112	80	161	112	80
121	94	56	121	94	56
114	138	127	114	138	127
12	14	12	12	14	12
31	77	107	31	77	107
111	65	43	111	65	43
0	0	0	0	0	0
29	75	104	29	75	104
25	37	50	25	37	50
27	66	92	27	66	92
32	85	118	32	85	118
24	30	44	24	30	44
23	31	52	23	31	52
23	28	41	23	28	41
105	45	35	105	45	35
34	63	87	34	63	87
103	49	39	103	49	39
16	14	12	16	14	12
18	27	40	18	27	40
16	17	15	16	17	15
40	105	134	40	105	134
25	58	80	25	58	80
148	104	75	148	104	75
18	32	53	18	32	53
24	33	50	24	33	50
0	0	0	0	0	0
96	41	34	96	41	34
121	76	43	121	76	43
132	108	83	132	108	83
29	35	34	29	35	34
16	17	16	16	17	16
14	18	19	14	18	19
67	35	27	67	35	27
14	16	16	14	16	16
130	98	87	130	98	87
26	59	94	26	59	94
105	69	50	105	69	50
27	61	87	27	61	87
12	16	14	12	16	14
30	66	97	30	66	97
36	40	35	36	40	35
65	30	24	65	30	24
35	96	121	35	96	121
131	100	79	131	100	79
112	122	105	112	122	105
76	40	35	76	40	35
171	164	130	171	164	130
23	40	60	23	40	60
41	115	138	41	115	138
15	18	20	15	18	20
30	67	95	30	67	95
77	59	43	77	59	43
92	38	30	92	38	30
14	15	14	14	15	14
88	49	36	88	49	36
21	23	36	21	23	36
29	58	88	29	58	88
34	98	129	34	98	129
32	86	112	32	86	112
174	130	93	174	130	93
77	35	30	77	35	30
24	46	71	24	46	71
27	57	85	27	57	85
82	41	34	82	41	34
34	92	117	34	92	117
25	62	95	25	62	95
25	36	59	25	36	59
81	38	30	81	38	30
75	42	32	75	42	32
13	16	13	13	16	13
124	94	74	124	94	74
28	64	91	28	64	91
14	16	15	14	16	15
87	49	43	87	49	43
48	82	99	48	82	99
56	35	27	56	35	27
86	39	34	86	39	34
87	37	31	87	37	31
23	43	66	23	43	66
29	69	94	29	69	94
42	47	42	42	47	42
25	42	62	25	42	62
110	81	59	110	81	59
16	19	16	16	19	16
36	81	112	36	81	112
20	17	14	20	17	14
64	31	25	64	31	25
50	28	22	50	28	22
112	55	38	112	55	38
86	50	38	86	50	38
27	66	98	27	66	98
31	63	88	31	63	88
20	21	34	20	21	34
87	51	41	87	51	41
27	57	83	27	57	83
29	74	106	29	74	106
88	46	35	88	46	35
47	119	142	47	119	142
15	17	15	15	17	15
26	65	100	26	65	100
15	18	15	15	18	15
16	13	12	16	13	12
158	116	78	158	116	78
81	43	32	81	43	32
161	148	93	161	148	93
124	73	55	124	73	55
216	236	207	216	236	207
20	26	36	20	26	36
34	83	111	34	83	111
29	69	100	29	69	100
14	15	14	14	15	14
22	24	36	22	24	36
13	15	13	13	15	13
13	17	14	13	17	14
25	49	74	25	49	74
123	70	56	123	70	56
98	51	37	98	51	37
119	94	70	119	94	70
91	47	34	91	47	34
31	58	82	31	58	82
80	38	30	80	38	30
48	120	148	48	120	148
15	17	13	15	17	13
15	15	14	15	15	14
27	32	30	27	32	30
24	35	53	24	35	53
35	109	128	35	109	128
12	16	12	12	16	12
12	15	13	12	15	13
14	17	14	14	17	14
91	48	41	91	48	41
30	68	100	30	68	100
17	20	17	17	20	17
42	79	106	42	79	106
21	37	60	21	37	60
168	148	99	168	148	99
29	80	111	29	80	111
27	61	87	27	61	87
29	66	90	29	66	90
159	115	80	159	115	80
118	130	109	118	130	109
46	27	22	46	27	22
99	48	37	99	48	37
26	52	79	26	52	79
167	131	101	167	131	101
101	117	102	101	117	102
40	104	133	40	104	133
93	43	37	93	43	37
14	16	14	14	16	14
37	97	129	37	97	129
15	19	16	15	19	16
95	88	63	95	88	63
27	69	99	27	69	99
15	13	12	15	13	12
0	0	0	0	0	0
14	15	15	14	15	15
29	60	83	29	60	83
149	125	93	149	125	93
14	17	15	14	17	15
83	42	31	83	42	31
192	157	120	192	157	120
30	66	95	30	66	95
18	19	16	18	19	16
32	78	106	32	78	106
22	25	39	22	25	39
226	191	137	226	191	137
89	44	35	89	44	35
34	86	111	34	86	111
17	18	19	17	18	19
13	16	16	13	16	16
32	63	72	32	63	72
13	13	13	13	13	13
62	39	29	62	39	29
12	17	13	12	17	13
15	17	17	15	17	17
53	126	147	53	126	147
15	15	13	15	15	13
28	44	68	28	44	68
23	25	23	23	25	23
112	126	107	112	126	107
25	40	61	25	40	61
13	13	13	13	13	13
13	16	14	13	16	14
105	117	102	105	117	102
164	162	137	164	162	137
78	102	98	78	102	98
31	76	103	31	76	103
14	17	14	14	17	14
24	26	24	24	26	24
29	65	94	29	65	94
102	68	47	102	68	47
27	57	87	27	57	87
164	136	96	164	136	96
16	17	16	16	17	16
178	171	126	178	171	126
49	126	147	49	126	147
67	75	66	67	75	66
28	61	91	28	61	91
24	27	25	24	27	25
12	14	15	12	14	15
179	144	102	179	144	102
25	48	71	25	48	71
17	21	19	17	21	19
159	105	83	159	105	83
75	35	26	75	35	26
15	16	15	15	16	15
12	14	11	12	14	11
24	46	72	24	46	72
22	30	38	22	30	38
160	109	77	160	109	77
21	30	45	21	30	45
26	56	84	26	56	84
33	100	129	33	100	129
118	126	109	118	126	109
119	130	110	119	130	110
172	146	112	172	146	112
84	46	35	84	46	35
52	143	164	52	143	164
14	16	13	14	16	13
15	15	15	15	15	15
69	39	29	69	39	29
15	16	15	15	16	15
15	16	15	15	16	15
120	73	57	120	73	57
30	70	101	30	70	101
130	150	136	130	150	136
35	76	105	35	76	105
29	73	107	29	73	107
17	23	24	17	23	24
13	14	13	13	14	13
32	82	115	32	82	115
94	50	40	94	50	40
20	22	34	20	22	34
28	73	104	28	73	104
60	25	21	60	25	21
71	41	32	71	41	32
57	77	62	57	77	62
29	80	111	29	80	111
17	20	17	17	20	17
76	40	31	76	40	31
15	16	13	15	16	13
28	83	109	28	83	109
189	165	121	189	165	121
15	18	15	15	18	15
160	156	129	160	156	129
25	47	67	25	47	67
97	52	41	97	52	41
15	14	13	15	14	13
24	48	75	24	48	75
68	95	92	68	95	92
77	42	33	77	42	33
75	35	27	75	35	27
74	32	28	74	32	28
35	89	124	35	89	124
80	107	98	80	107	98
21	26	45	21	26	45
29	44	72	29	44	72
16	17	16	16	17	16
21	23	32	21	23	32
15	16	12	15	16	12
236	240	235	236	240	235
20	25	43	20	25	43
144	91	65	144	91	65
22	27	11	22	27	11
29	65	95	29	65	95
28	29	27	28	29	27
169	158	109	169	158	109
35	88	117	35	88	117
26	58	85	26	58	85
169	140	106	169	140	106
26	51	76	26	51	76
31	69	90	31	69	90
26	44	70	26	44	70
15	15	14	15	15	14
30	76	102	30	76	102
105	117	104	105	117	104
25	59	87	25	59	87
62	31	24	62	31	24
25	63	95	25	63	95
30	73	102	30	73	102
25	52	79	25	52	79
25	40	60	25	40	60
28	29	28	28	29	28
23	42	67	23	42	67
25	61	96	25	61	96
11	13	10	11	13	10
178	151	111	178	151	111
43	98	125	43	98	125
218	235	135	218	235	135
12	15	13	12	15	13
227	204	149	227	204	149
27	78	101	27	78	101
32	71	101	32	71	101
56	97	113	56	97	113
0	0	0	0	0	0
21	28	40	21	28	40
29	84	113	29	84	113
30	58	83	30	58	83
74	35	23	74	35	23
25	28	26	25	28	26
16	19	17	16	19	17
167	121	88	167	121	88
13	16	15	13	16	15
28	76	106	28	76	106
14	16	14	14	16	14
182	164	119	182	164	119
13	17	14	13	17	14
91	46	38	91	46	38
153	116	99	153	116	99
24	34	60	24	34	60
174	158	114	174	158	114
40	70	89	40	70	89
24	37	62	24	37	62
13	16	14	13	16	14
27	62	89	27	62	89
156	115	88	156	115	88
13	16	12	13	16	12
22	28	43	22	28	43
14	16	14	14	16	14
22	26	41	22	26	41
14	14	12	14	14	12
13	15	14	13	15	14
15	16	13	15	16	13
23	45	71	23	45	71
108	55	42	108	55	42
70	39	31	70	39	31
98	51	43	98	51	43
28	27	26	28	27	26
20	22	36	20	22	36
33	57	81	33	57	81
85	44	37	85	44	37
55	28	23	55	28	23
87	110	87	87	110	87
167	184	162	167	184	162
32	80	112	32	80	112
29	56	82	29	56	82
172	144	107	172	144	107
24	25	35	24	25	35
95	54	36	95	54	36
80	52	39	80	52	39
20	28	38	20	28	38
65	142	163	65	142	163
35	68	90	35	68	90
41	66	80	41	66	80
26	47	73	26	47	73
171	129	89	171	129	89
56	30	24	56	30	24
19	20	29	19	20	29
164	120	78	164	120	78
13	14	12	13	14	12
224	240	138	224	240	138
13	13	13	13	13	13
36	87	119	36	87	119
23	21	17	23	21	17
23	42	65	23	42	65
15	18	16	15	18	16
24	43	65	24	43	65
88	45	39	88	45	39
31	76	110	31	76	110
27	64	96	27	64	96
29	67	97	29	67	97
224	240	137	224	240	137
31	37	34	31	37	34
15	17	16	15	17	16
38	100	130	38	100	130
36	40	35	36	40	35
113	89	69	113	89	69
22	43	66	22	43	66
53	28	24	53	28	24
27	65	91	27	65	91
121	146	137	121	146	137
12	15	12	12	15	12
30	75	105	30	75	105
105	55	44	105	55	44
13	14	14	13	14	14
26	36	60	26	36	60
35	80	103	35	80	103
28	70	101	28	70	101
120	133	114	120	133	114
42	114	141	42	114	141
77	121	119	77	121	119
82	32	27	82	32	27
12	15	11	12	15	11
12	14	12	12	14	12
29	79	111	29	79	111
13	16	14	13	16	14
50	124	148	50	124	148
31	9	21	31	9	21
55	20	17	55	20	17
15	16	15	15	16	15
26	40	65	26	40	65
80	41	33	80	41	33
76	38	24	76	38	24
32	99	133	32	99	133
12	14	14	12	14	14
14	15	13	14	15	13
12	13	12	12	13	12
16	18	16	16	18	16
169	148	103	169	148	103
82	47	36	82	47	36
95	52	38	95	52	38
35	103	130	35	103	130
39	100	131	39	100	131
59	31	25	59	31	25
12	12	10	12	12	10
30	72	104	30	72	104
30	80	108	30	80	108
40	102	120	40	102	120
145	128	110	145	128	110
14	15	14	14	15	14
15	18	15	15	18	15
28	65	89	28	65	89
67	45	32	67	45	32
36	96	125	36	96	125
29	68	99	29	68	99
117	81	68	117	81	68
39	100	129	39	100	129
219	237	138	219	237	138
22	24	34	22	24	34
45	119	142	45	119	142
55	143	170	55	143	170
29	67	91	29	67	91
48	56	51	48	56	51
21	23	34	21	23	34
13	13	12	13	13	12
16	20	16	16	20	16
15	17	14	15	17	14
23	25	39	23	25	39
112	55	43	112	55	43
38	70	88	38	70	88
107	42	31	107	42	31
24	48	73	24	48	73
28	69	98	28	69	98
98	107	90	98	107	90
14	15	13	14	15	13
25	40	64	25	40	64
171	156	121	171	156	121
79	38	30	79	38	30
34	97	119	34	97	119
50	56	49	50	56	49
15	18	16	15	18	16
229	240	223	229	240	223
28	63	89	28	63	89
161	124	95	161	124	95
12	14	13	12	14	13
65	31	26	65	31	26
28	69	93	28	69	93
13	14	14	13	14	14
24	30	33	24	30	33
170	141	109	170	141	109
109	63	44	109	63	44
24	49	74	24	49	74
24	44	66	24	44	66
145	123	106	145	123	106
21	38	57	21	38	57
13	15	13	13	15	13
27	67	100	27	67	100
218	235	139	218	235	139
25	47	72	25	47	72
171	155	110	171	155	110
69	35	32	69	35	32
103	61	44	103	61	44
15	18	15	15	18	15
21	27	40	21	27	40
13	16	14	13	16	14
203	228	204	203	228	204
70	41	33	70	41	33
46	112	136	46	112	136
25	53	77	25	53	77
85	38	32	85	38	32
26	39	63	26	39	63
165	113	74	165	113	74
12	15	14	12	15	14
15	16	13	15	16	13
142	104	74	142	104	74
27	61	83	27	61	83
160	135	101	160	135	101
85	47	35	85	47	35
15	16	15	15	16	15
18	24	28	18	24	28
119	131	111	119	131	111
94	46	34	94	46	34
65	31	26	65	31	26
116	127	107	116	127	107
25	54	82	25	54	82
24	46	72	24	46	72
162	134	102	162	134	102
96	49	37	96	49	37
60	34	26	60	34	26
174	172	139	174	172	139
28	73	103	28	73	103
45	122	146	45	122	146
75	28	22	75	28	22
0	0	0	0	0	0
29	79	110	29	79	110
26	55	79	26	55	79
68	32	28	68	32	28
26	57	86	26	57	86
14	16	14	14	16	14
70	39	31	70	39	31
64	36	27	64	36	27
151	114	84	151	114	84
96	46	36	96	46	36
32	80	114	32	80	114
15	11	7	15	11	7
28	71	104	28	71	104
25	43	62	25	43	62
23	33	59	23	33	59
26	28	26	26	28	26
32	75	103	32	75	103
14	15	14	14	15	14
83	63	49	83	63	49
53	122	143	53	122	143
105	61	48	105	61	48
126	99	77	126	99	77
26	57	85	26	57	85
22	25	44	22	25	44
22	24	33	22	24	33
40	74	94	40	74	94
70	34	31	70	34	31
96	50	38	96	50	38
23	43	66	23	43	66
52	58	52	52	58	52
34	91	121	34	91	121
133	102	72	133	102	72
23	32	49	23	32	49
113	126	107	113	126	107
23	42	67	23	42	67
23	30	45	23	30	45
119	131	109	119	131	109
27	41	67	27	41	67
31	34	30	31	34	30
77	46	32	77	46	32
112	92	71	112	92	71
38	23	17	38	23	17
35	39	35	35	39	35
23	42	61	23	42	61
32	67	82	32	67	82
18	18	21	18	18	21
28	71	103	28	71	103
67	94	92	67	94	92
48	56	49	48	56	49
106	40	29	106	40	29
95	50	42	95	50	42
32	75	104	32	75	104
105	117	102	105	117	102
123	89	67	123	89	67
121	81	63	121	81	63
29	68	95	29	68	95
88	35	28	88	35	28
208	210	148	208	210	148
14	16	14	14	16	14
14	16	14	14	16	14
32	78	103	32	78	103
23	16	12	23	16	12
23	36	55	23	36	55
107	128	119	107	128	119
100	69	53	100	69	53
36	78	108	36	78	108
22	40	62	22	40	62
154	117	91	154	117	91
161	153	128	161	153	128
119	130	110	119	130	110
34	79	111	34	79	111
27	54	80	27	54	80
101	47	38	101	47	38
35	81	103	35	81	103
11	13	11	11	13	11
119	130	110	119	130	110
63	28	24	63	28	24
108	52	47	108	52	47
0	0	0	0	0	0
35	71	90	35	71	90
53	58	47	53	58	47
12	16	14	12	16	14
29	70	103	29	70	103
152	101	74	152	101	74
31	81	112	31	81	112
94	56	38	94	56	38
24	20	15	24	20	15
56	27	22	56	27	22
114	63	43	114	63	43
164	134	107	164	134	107
45	60	57	45	60	57
23	39	59	23	39	59
24	38	56	24	38	56
111	82	50	111	82	50
15	16	13	15	16	13
27	66	92	27	66	92
17	27	34	17	27	34
117	127	108	117	127	108
159	151	114	159	151	114
116	126	110	116	126	110
92	46	39	92	46	39
30	76	104	30	76	104
15	17	16	15	17	16
104	53	38	104	53	38
21	31	46	21	31	46
22	32	50	22	32	50
26	45	65	26	45	65
94	53	39	94	53	39
65	41	30	65	41	30
219	240	216	219	240	216
114	73	63	114	73	63
28	45	70	28	45	70
13	14	14	13	14	14
36	79	109	36	79	109
30	85	112	30	85	112
17	19	17	17	19	17
27	72	99	27	72	99
23	28	21	23	28	21
27	45	78	27	45	78
40	91	142	40	91	142
82	36	30	82	36	30
28	76	109	28	76	109
14	16	15	14	16	15
80	43	30	80	43	30
23	37	58	23	37	58
97	45	36	97	45	36
116	126	108	116	126	108
240	240	240	240	240	240
14	16	13	14	16	13
76	39	32	76	39	32
15	17	15	15	17	15
13	15	12	13	15	12
16	16	14	16	16	14
68	82	75	68	82	75
187	209	182	187	209	182
155	174	152	155	174	152
27	46	73	27	46	73
28	67	98	28	67	98
32	58	85	32	58	85
26	53	77	26	53	77
109	61	47	109	61	47
158	91	72	158	91	72
24	44	66	24	44	66
14	17	15	14	17	15
162	140	104	162	140	104
50	70	82	50	70	82
33	93	124	33	93	124
30	78	108	30	78	108
14	15	17	14	15	17
20	22	33	20	22	33
22	23	35	22	23	35
79	40	36	79	40	36
40	70	92	40	70	92
19	25	40	19	25	40
37	20	15	37	20	15
13	14	14	13	14	14
12	15	11	12	15	11
84	45	41	84	45	41
116	129	109	116	129	109
183	149	113	183	149	113
25	32	54	25	32	54
141	162	148	141	162	148
92	34	27	92	34	27
94	41	33	94	41	33
18	19	19	18	19	19
34	46	69	34	46	69
103	43	34	103	43	34
28	44	52	28	44	52
13	14	12	13	14	12
13	16	13	13	16	13
89	44	32	89	44	32
29	72	104	29	72	104
13	14	13	13	14	13
21	25	36	21	25	36
28	55	80	28	55	80
60	31	22	60	31	22
15	17	16	15	17	16
12	15	12	12	15	12
178	125	108	178	125	108
104	44	33	104	44	33
27	61	86	27	61	86
16	16	16	16	16	16
15	18	16	15	18	16
156	129	97	156	129	97
50	25	19	50	25	19
13	14	13	13	14	13
118	128	110	118	128	110
86	50	36	86	50	36
100	51	42	100	51	42
13	13	12	13	13	12
15	16	15	15	16	15
46	104	118	46	104	118
103	54	44	103	54	44
110	62	49	110	62	49
20	18	13	20	18	13
24	46	68	24	46	68
25	35	58	25	35	58
22	31	50	22	31	50
30	81	112	30	81	112
21	24	33	21	24	33
31	43	33	31	43	33
62	129	135	62	129	135
35	62	83	35	62	83
81	48	41	81	48	41
33	78	108	33	78	108
14	15	13	14	15	13
108	73	52	108	73	52
27	18	15	27	18	15
38	92	121	38	92	121
42	30	25	42	30	25
72	42	33	72	42	33
25	39	68	25	39	68
14	15	15	14	15	15
92	56	40	92	56	40
43	117	151	43	117	151
13	15	13	13	15	13
28	73	101	28	73	101
90	70	60	90	70	60
12	16	14	12	16	14
15	17	13	15	17	13
14	18	14	14	18	14
19	18	16	19	18	16
24	43	65	24	43	65
41	19	16	41	19	16
103	60	45	103	60	45
15	16	16	15	16	16
29	69	100	29	69	100
29	69	99	29	69	99
13	15	13	13	15	13
83	41	30	83	41	30
32	75	97	32	75	97
62	28	23	62	28	23
19	22	18	19	22	18
121	135	119	121	135	119
25	48	73	25	48	73
11	17	12	11	17	12
31	74	101	31	74	101
22	25	42	22	25	42
25	51	76	25	51	76
13	16	13	13	16	13
15	17	13	15	17	13
40	108	120	40	108	120
10	14	10	10	14	10
53	28	20	53	28	20
14	16	15	14	16	15
103	42	36	103	42	36
23	24	33	23	24	33
73	35	30	73	35	30
40	101	135	40	101	135
132	108	81	132	108	81
30	70	97	30	70	97
172	130	96	172	130	96
89	53	39	89	53	39
53	114	127	53	114	127
167	189	171	167	189	171
31	69	100	31	69	100
161	88	64	161	88	64
164	152	112	164	152	112
115	129	109	115	129	109
37	86	110	37	86	110
20	24	35	20	24	35
99	49	40	99	49	40
111	67	50	111	67	50
26	42	66	26	42	66
123	92	69	123	92	69
14	17	15	14	17	15
55	29	22	55	29	22
47	121	142	47	121	142
22	27	41	22	27	41
66	30	25	66	30	25
15	16	15	15	16	15
149	134	101	149	134	101
14	17	15	14	17	15
19	19	29	19	19	29
14	18	14	14	18	14
19	22	17	19	22	17
36	108	136	36	108	136
135	109	82	135	109	82
167	152	116	167	152	116
31	86	119	31	86	119
13	17	23	13	17	23
21	24	32	21	24	32
91	67	56	91	67	56
139	111	88	139	111	88
137	123	78	137	123	78
79	37	30	79	37	30
29	52	72	29	52	72
26	67	98	26	67	98
32	75	106	32	75	106
81	44	31	81	44	31
28	39	51	28	39	51
21	24	38	21	24	38
178	163	119	178	163	119
30	75	98	30	75	98
73	50	42	73	50	42
48	121	141	48	121	141
80	35	30	80	35	30
14	16	14	14	16	14
174	150	117	174	150	117
15	16	16	15	16	16
29	74	102	29	74	102
183	150	112	183	150	112
86	55	42	86	55	42
109	53	42	109	53	42
15	19	25	15	19	25
46	78	99	46	78	99
21	33	54	21	33	54
149	133	93	149	133	93
16	16	15	16	16	15
38	28	22	38	28	22
99	63	46	99	63	46
137	117	96	137	117	96
28	62	89	28	62	89
20	22	33	20	22	33
14	16	14	14	16	14
107	127	117	107	127	117
24	35	58	24	35	58
22	42	68	22	42	68
159	93	69	159	93	69
65	28	23	65	28	23
18	21	17	18	21	17
72	37	33	72	37	33
14	17	12	14	17	12
92	33	31	92	33	31
13	15	15	13	15	15
17	17	16	17	17	16
138	106	76	138	106	76
76	40	26	76	40	26
56	138	155	56	138	155
13	14	13	13	14	13
26	63	85	26	63	85
22	30	40	22	30	40
146	82	59	146	82	59
15	19	15	15	19	15
14	19	13	14	19	13
76	33	27	76	33	27
172	115	77	172	115	77
13	15	12	13	15	12
36	92	122	36	92	122
13	14	12	13	14	12
83	43	31	83	43	31
48	113	145	48	113	145
175	156	111	175	156	111
25	32	56	25	32	56
166	102	78	166	102	78
25	54	82	25	54	82
107	62	43	107	62	43
12	13	9	12	13	9
105	59	44	105	59	44
15	17	15	15	17	15
59	71	76	59	71	76
21	26	35	21	26	35
29	56	83	29	56	83
32	93	123	32	93	123
26	40	65	26	40	65
54	33	27	54	33	27
43	79	105	43	79	105
59	110	126	59	110	126
15	15	14	15	15	14
28	72	100	28	72	100
170	161	134	170	161	134
14	14	12	14	14	12
18	19	17	18	19	17
41	79	96	41	79	96
166	119	91	166	119	91
20	20	28	20	20	28
13	15	11	13	15	11
91	57	50	91	57	50
43	108	136	43	108	136
23	27	19	23	27	19
29	59	80	29	59	80
23	35	61	23	35	61
23	27	45	23	27	45
107	54	42	107	54	42
29	65	96	29	65	96
30	63	89	30	63	89
172	133	95	172	133	95
27	57	82	27	57	82
29	70	95	29	70	95
58	25	18	58	25	18
154	124	92	154	124	92
40	102	130	40	102	130
15	16	15	15	16	15
20	24	27	20	24	27
109	77	56	109	77	56
70	39	30	70	39	30
33	55	76	33	55	76
14	17	15	14	17	15
95	41	34	95	41	34
110	90	66	110	90	66
112	53	42	112	53	42
117	131	111	117	131	111
15	19	13	15	19	13
64	41	29	64	41	29
158	146	114	158	146	114
30	76	110	30	76	110
24	36	57	24	36	57
27	64	96	27	64	96
78	40	30	78	40	30
21	26	40	21	26	40
92	50	39	92	50	39
29	65	90	29	65	90
164	132	108	164	132	108
27	62	87	27	62	87
25	58	86	25	58	86
32	52	80	32	52	80
93	51	38	93	51	38
29	74	142	29	74	142
29	68	95	29	68	95
21	25	36	21	25	36
20	34	53	20	34	53
0	0	0	0	0	0
82	40	30	82	40	30
28	48	72	28	48	72
31	60	86	31	60	86
15	17	12	15	17	12
13	14	13	13	14	13
28	33	32	28	33	32
33	73	105	33	73	105
100	69	56	100	69	56
15	17	16	15	17	16
21	31	48	21	31	48
35	85	112	35	85	112
12	14	11	12	14	11
114	90	65	114	90	65
73	43	35	73	43	35
25	58	87	25	58	87
17	20	17	17	20	17
28	73	105	28	73	105
88	43	36	88	43	36
174	149	110	174	149	110
27	30	26	27	30	26
24	41	61	24	41	61
5	16	28	5	16	28
35	64	89	35	64	89
11	14	10	11	14	10
31	79	111	31	79	111
80	37	30	80	37	30
59	35	26	59	35	26
24	43	62	24	43	62
0	0	0	0	0	0
37	102	129	37	102	129
29	71	100	29	71	100
83	41	33	83	41	33
13	15	14	13	15	14
29	67	97	29	67	97
12	14	14	12	14	14
16	17	14	16	17	14
31	75	107	31	75	107
66	62	75	66	62	75
98	57	43	98	57	43
31	93	119	31	93	119
27	58	80	27	58	80
14	16	14	14	16	14
153	126	88	153	126	88
38	106	131	38	106	131
136	89	63	136	89	63
15	17	15	15	17	15
27	66	94	27	66	94
85	42	31	85	42	31
91	50	35	91	50	35
32	76	108	32	76	108
31	68	97	31	68	97
140	101	72	140	101	72
177	152	106	177	152	106
71	35	31	71	35	31
13	16	14	13	16	14
33	84	115	33	84	115
84	38	31	84	38	31
160	82	59	160	82	59
26	68	104	26	68	104
148	125	91	148	125	91
19	22	15	19	22	15
78	43	36	78	43	36
26	57	87	26	57	87
81	37	30	81	37	30
72	37	28	72	37	28
49	24	19	49	24	19
25	47	72	25	47	72
125	122	97	125	122	97
28	63	93	28	63	93
30	53	74	30	53	74
25	44	55	25	44	55
173	160	112	173	160	112
84	44	33	84	44	33
14	13	12	14	13	12
13	13	11	13	13	11
24	29	40	24	29	40
27	43	68	27	43	68
15	15	14	15	15	14
48	24	16	48	24	16
15	15	15	15	15	15
173	154	126	173	154	126
27	67	100	27	67	100
98	58	45	98	58	45
15	14	12	15	14	12
15	18	15	15	18	15
28	66	91	28	66	91
104	51	39	104	51	39
11	12	12	11	12	12
89	42	33	89	42	33
13	16	14	13	16	14
26	41	66	26	41	66
44	83	105	44	83	105
63	34	27	63	34	27
21	26	33	21	26	33
47	125	134	47	125	134
27	64	90	27	64	90
24	46	66	24	46	66
124	102	68	124	102	68
23	27	40	23	27	40
88	32	25	88	32	25
24	39	51	24	39	51
55	33	25	55	33	25
79	59	66	79	59	66
66	34	28	66	34	28
150	133	102	150	133	102
28	51	80	28	51	80
25	55	83	25	55	83
13	15	12	13	15	12
39	40	51	39	40	51
122	83	65	122	83	65
74	44	34	74	44	34
108	63	43	108	63	43
36	98	120	36	98	120
26	39	68	26	39	68
69	35	29	69	35	29
119	131	111	119	131	111
118	76	61	118	76	61
12	16	14	12	16	14
217	173	128	217	173	128
13	15	14	13	15	14
169	136	112	169	136	112
181	162	119	181	162	119
75	36	29	75	36	29
26	52	77	26	52	77
33	73	104	33	73	104
114	127	109	114	127	109
14	18	16	14	18	16
71	164	180	71	164	180
37	86	118	37	86	118
16	27	29	16	27	29
30	67	97	30	67	97
15	15	15	15	15	15
25	38	60	25	38	60
27	67	96	27	67	96
110	73	55	110	73	55
98	58	41	98	58	41
22	43	29	22	43	29
91	41	33	91	41	33
25	53	79	25	53	79
15	18	15	15	18	15
14	16	14	14	16	14
94	49	37	94	49	37
22	32	47	22	32	47
16	18	15	16	18	15
30	35	31	30	35	31
23	40	60	23	40	60
16	19	16	16	19	16
15	17	15	15	17	15
108	66	46	108	66	46
80	40	33	80	40	33
119	75	58	119	75	58
16	18	17	16	18	17
16	19	16	16	19	16
12	15	14	12	15	14
22	26	42	22	26	42
30	78	112	30	78	112
20	26	38	20	26	38
25	36	62	25	36	62
14	13	12	14	13	12
37	83	105	37	83	105
12	14	11	12	14	11
144	124	96	144	124	96
15	17	15	15	17	15
22	29	26	22	29	26
31	57	78	31	57	78
12	15	13	12	15	13
59	36	21	59	36	21
155	111	79	155	111	79
26	45	70	26	45	70
25	44	70	25	44	70
76	39	35	76	39	35
218	237	139	218	237	139
75	33	28	75	33	28
28	69	98	28	69	98
105	61	47	105	61	47
38	95	125	38	95	125
111	96	61	111	96	61
131	111	88	131	111	88
14	15	12	14	15	12
109	95	74	109	95	74
13	15	12	13	15	12
85	54	40	85	54	40
15	17	15	15	17	15
23	45	70	23	45	70
22	31	48	22	31	48
15	17	16	15	17	16
183	157	121	183	157	121
22	29	45	22	29	45
22	32	47	22	32	47
29	79	113	29	79	113
43	118	140	43	118	140
21	25	39	21	25	39
25	53	83	25	53	83
5	12	25	5	12	25
92	89	50	92	89	50
90	45	41	90	45	41
27	65	96	27	65	96
29	67	97	29	67	97
174	137	102	174	137	102
25	64	97	25	64	97
21	42	61	21	42	61
25	41	63	25	41	63
154	124	94	154	124	94
117	128	108	117	128	108
27	58	85	27	58	85
25	44	70	25	44	70
18	22	33	18	22	33
14	16	13	14	16	13
18	20	18	18	20	18
83	36	25	83	36	25
114	51	48	114	51	48
78	35	30	78	35	30
36	37	39	36	37	39
36	18	13	36	18	13
85	33	28	85	33	28
75	45	32	75	45	32
14	18	16	14	18	16
50	19	16	50	19	16
158	110	85	158	110	85
26	30	26	26	30	26
12	14	13	12	14	13
13	15	13	13	15	13
11	14	12	11	14	12
180	167	123	180	167	123
16	21	16	16	21	16
115	52	41	115	52	41
107	57	49	107	57	49
23	32	47	23	32	47
67	41	32	67	41	32
24	26	40	24	26	40
21	23	32	21	23	32
139	105	85	139	105	85
20	27	43	20	27	43
13	12	10	13	12	10
157	119	85	157	119	85
24	45	74	24	45	74
19	18	26	19	18	26
137	136	125	137	136	125
79	43	29	79	43	29
29	75	107	29	75	107
143	113	87	143	113	87
75	34	31	75	34	31
36	18	14	36	18	14
60	23	18	60	23	18
14	16	14	14	16	14
70	37	33	70	37	33
19	23	35	19	23	35
91	47	35	91	47	35
38	41	36	38	41	36
81	41	28	81	41	28
74	63	60	74	63	60
29	75	108	29	75	108
87	41	32	87	41	32
22	34	51	22	34	51
26	62	93	26	62	93
14	15	13	14	15	13
21	50	44	21	50	44
23	35	54	23	35	54
29	83	118	29	83	118
19	24	32	19	24	32
11	14	10	11	14	10
24	34	56	24	34	56
20	23	36	20	23	36
92	58	40	92	58	40
0	0	0	0	0	0
171	127	92	171	127	92
82	43	33	82	43	33
61	30	22	61	30	22
20	27	41	20	27	41
25	55	86	25	55	86
19	21	17	19	21	17
13	14	11	13	14	11
20	17	17	20	17	17
91	46	35	91	46	35
165	122	88	165	122	88
100	54	41	100	54	41
66	31	24	66	31	24
24	47	72	24	47	72
127	83	61	127	83	61
14	16	13	14	16	13
26	44	63	26	44	63
48	112	124	48	112	124
14	13	12	14	13	12
16	18	15	16	18	15
11	13	11	11	13	11
12	14	11	12	14	11
122	136	120	122	136	120
53	28	23	53	28	23
121	81	62	121	81	62
28	52	73	28	52	73
31	74	101	31	74	101
13	17	16	13	17	16
14	16	13	14	16	13
15	17	15	15	17	15
75	38	29	75	38	29
106	60	41	106	60	41
14	16	14	14	16	14
113	57	45	113	57	45
88	38	33	88	38	33
14	15	15	14	15	15
14	15	15	14	15	15
178	159	113	178	159	113
15	18	15	15	18	15
146	120	89	146	120	89
31	76	106	31	76	106
15	18	16	15	18	16
28	74	107	28	74	107
98	43	35	98	43	35
16	18	16	16	18	16
25	62	94	25	62	94
20	25	22	20	25	22
21	24	38	21	24	38
25	27	24	25	27	24
13	16	14	13	16	14
168	122	85	168	122	85
98	57	44	98	57	44
89	42	35	89	42	35
17	19	18	17	19	18
98	43	32	98	43	32
44	102	124	44	102	124
88	56	41	88	56	41
30	55	82	30	55	82
15	18	15	15	18	15
12	16	13	12	16	13
13	15	12	13	15	12
229	194	140	229	194	140
28	74	108	28	74	108
120	54	41	120	54	41
105	117	103	105	117	103
88	41	32	88	41	32
24	23	24	24	23	24
56	33	27	56	33	27
224	240	138	224	240	138
13	13	12	13	13	12
14	18	17	14	18	17
53	109	129	53	109	129
27	33	58	27	33	58
106	63	46	106	63	46
28	44	75	28	44	75
19	25	34	19	25	34
15	18	13	15	18	13
25	61	92	25	61	92
13	15	13	13	15	13
33	81	107	33	81	107
24	54	84	24	54	84
15	16	15	15	16	15
37	119	148	37	119	148
41	108	138	41	108	138
13	14	12	13	14	12
15	17	15	15	17	15
148	122	88	148	122	88
23	25	42	23	25	42
22	28	24	22	28	24
161	118	79	161	118	79
24	30	52	24	30	52
109	53	43	109	53	43
141	117	78	141	117	78
13	15	14	13	15	14
103	67	50	103	67	50
26	25	25	26	25	25
21	29	43	21	29	43
16	18	14	16	18	14
33	82	109	33	82	109
109	74	55	109	74	55
43	109	138	43	109	138
31	81	113	31	81	113
14	15	14	14	15	14
56	129	151	56	129	151
183	145	109	183	145	109
25	25	23	25	25	23
27	64	92	27	64	92
29	45	75	29	45	75
106	69	53	106	69	53
16	22	23	16	22	23
26	56	79	26	56	79
34	90	119	34	90	119
29	66	93	29	66	93
89	58	45	89	58	45
158	136	106	158	136	106
96	45	34	96	45	34
57	30	25	57	30	25
29	84	118	29	84	118
107	87	59	107	87	59
25	31	51	25	31	51
15	17	16	15	17	16
16	18	16	16	18	16
30	75	103	30	75	103
13	14	14	13	14	14
29	69	101	29	69	101
20	25	38	20	25	38
34	70	87	34	70	87
30	69	98	30	69	98
132	102	69	132	102	69
17	18	18	17	18	18
15	16	14	15	16	14
26	54	78	26	54	78
175	103	78	175	103	78
16	17	14	16	17	14
24	30	51	24	30	51
57	36	25	57	36	25
13	15	14	13	15	14
24	27	36	24	27	36
11	15	13	11	15	13
67	76	67	67	76	67
56	33	26	56	33	26
15	16	15	15	16	15
109	86	71	109	86	71
17	19	16	17	19	16
95	51	39	95	51	39
25	49	74	25	49	74
12	14	12	12	14	12
156	94	71	156	94	71
102	49	39	102	49	39
74	42	33	74	42	33
36	68	94	36	68	94
18	19	18	18	19	18
14	16	14	14	16	14
23	35	51	23	35	51
20	37	56	20	37	56
98	41	34	98	41	34
15	16	15	15	16	15
32	38	36	32	38	36
13	17	13	13	17	13
173	158	107	173	158	107
22	35	55	22	35	55
196	158	111	196	158	111
214	237	208	214	237	208
121	86	67	121	86	67
138	108	84	138	108	84
21	25	40	21	25	40
18	28	36	18	28	36
33	87	115	33	87	115
39	94	123	39	94	123
63	33	26	63	33	26
33	70	98	33	70	98
27	77	107	27	77	107
16	19	16	16	19	16
24	37	63	24	37	63
12	17	12	12	17	12
180	156	110	180	156	110
14	15	13	14	15	13
27	60	93	27	60	93
18	25	29	18	25	29
30	76	106	30	76	106
222	188	140	222	188	140
76	35	29	76	35	29
140	123	95	140	123	95
236	239	196	236	239	196
46	85	107	46	85	107
15	16	13	15	16	13
25	36	59	25	36	59
27	57	80	27	57	80
15	16	15	15	16	15
23	27	43	23	27	43
173	94	69	173	94	69
13	14	13	13	14	13
80	38	32	80	38	32
15	18	17	15	18	17
27	33	29	27	33	29
13	16	13	13	16	13
27	62	94	27	62	94
52	126	149	52	126	149
177	144	114	177	144	114
13	17	16	13	17	16
11	14	13	11	14	13
156	124	99	156	124	99
28	76	107	28	76	107
29	87	114	29	87	114
166	174	110	166	174	110
114	125	106	114	125	106
92	44	37	92	44	37
127	93	67	127	93	67
30	32	33	30	32	33
15	16	15	15	16	15
25	30	38	25	30	38
79	45	36	79	45	36
16	18	16	16	18	16
44	94	116	44	94	116
13	14	13	13	14	13
66	33	25	66	33	25
37	88	144	37	88	144
103	51	37	103	51	37
113	57	48	113	57	48
20	24	37	20	24	37
25	46	67	25	46	67
28	32	28	28	32	28
134	114	89	134	114	89
15	14	12	15	14	12
12	15	13	12	15	13
13	15	14	13	15	14
25	55	85	25	55	85
81	38	32	81	38	32
14	16	14	14	16	14
115	91	66	115	91	66
42	78	108	42	78	108
21	25	39	21	25	39
110	54	45	110	54	45
41	63	86	41	63	86
24	25	22	24	25	22
27	69	101	27	69	101
27	77	110	27	77	110
24	50	73	24	50	73
14	16	16	14	16	16
88	49	34	88	49	34
16	19	17	16	19	17
15	17	17	15	17	17
15	17	15	15	17	15
67	36	25	67	36	25
181	153	109	181	153	109
196	186	132	196	186	132
28	73	104	28	73	104
23	40	62	23	40	62
93	52	40	93	52	40
117	130	109	117	130	109
57	30	25	57	30	25
23	26	27	23	26	27
30	77	114	30	77	114
220	236	136	220	236	136
140	109	78	140	109	78
30	76	104	30	76	104
27	60	85	27	60	85
14	15	14	14	15	14
84	48	42	84	48	42
42	98	122	42	98	122
25	24	24	25	24	24
39	79	105	39	79	105
187	138	101	187	138	101
12	13	11	12	13	11
31	94	123	31	94	123
167	139	108	167	139	108
157	138	93	157	138	93
59	88	105	59	88	105
19	18	17	19	18	17
156	99	78	156	99	78
141	113	91	141	113	91
112	47	38	112	47	38
53	146	170	53	146	170
15	18	16	15	18	16
103	117	103	103	117	103
19	21	32	19	21	32
73	101	97	73	101	97
96	58	43	96	58	43
15	18	16	15	18	16
14	15	12	14	15	12
88	39	30	88	39	30
163	159	139	163	159	139
42	99	131	42	99	131
14	15	12	14	15	12
31	67	90	31	67	90
174	127	88	174	127	88
24	27	48	24	27	48
15	17	16	15	17	16
26	53	80	26	53	80
20	20	19	20	20	19
94	44	36	94	44	36
167	130	98	167	130	98
32	47	49	32	47	49
41	111	142	41	111	142
81	48	35	81	48	35
30	66	89	30	66	89
89	56	41	89	56	41
26	39	63	26	39	63
71	31	27	71	31	27
103	60	39	103	60	39
218	236	136	218	236	136
23	43	65	23	43	65
36	39	36	36	39	36
127	98	73	127	98	73
58	65	56	58	65	56
15	17	17	15	17	17
15	17	15	15	17	15
37	92	121	37	92	121
14	14	12	14	14	12
24	43	63	24	43	63
90	47	39	90	47	39
41	52	51	41	52	51
29	84	111	29	84	111
141	86	73	141	86	73
93	46	39	93	46	39
173	157	108	173	157	108
93	52	40	93	52	40
22	23	26	22	23	26
85	45	33	85	45	33
13	14	13	13	14	13
33	60	87	33	60	87
22	28	48	22	28	48
23	41	61	23	41	61
24	49	75	24	49	75
30	76	107	30	76	107
27	69	102	27	69	102
15	15	14	15	15	14
14	15	15	14	15	15
14	18	16	14	18	16
126	59	42	126	59	42
33	17	13	33	17	13
26	28	25	26	28	25
14	17	14	14	17	14
27	54	84	27	54	84
23	28	50	23	28	50
25	45	69	25	45	69
190	148	114	190	148	114
23	7	21	23	7	21
22	39	60	22	39	60
12	13	12	12	13	12
99	55	42	99	55	42
120	63	49	120	63	49
187	206	180	187	206	180
69	35	30	69	35	30
86	42	34	86	42	34
89	93	81	89	93	81
155	93	71	155	93	71
90	44	35	90	44	35
58	105	120	58	105	120
94	37	31	94	37	31
59	34	27	59	34	27
22	37	37	22	37	37
13	16	14	13	16	14
63	35	26	63	35	26
111	124	90	111	124	90
105	123	105	105	123	105
77	54	53	77	54	53
13	14	13	13	14	13
24	49	75	24	49	75
29	76	108	29	76	108
15	18	16	15	18	16
29	69	101	29	69	101
27	59	81	27	59	81
26	40	67	26	40	67
174	137	104	174	137	104
25	36	62	25	36	62
16	16	14	16	16	14
32	78	107	32	78	107
46	53	50	46	53	50
91	52	39	91	52	39
26	49	74	26	49	74
167	148	107	167	148	107
122	96	70	122	96	70
214	228	128	214	228	128
15	17	13	15	17	13
30	82	112	30	82	112
29	63	90	29	63	90
29	16	13	29	16	13
83	35	28	83	35	28
74	30	24	74	30	24
216	238	207	216	238	207
67	75	66	67	75	66
77	88	77	77	88	77
26	54	82	26	54	82
38	101	127	38	101	127
12	15	12	12	15	12
23	43	70	23	43	70
222	195	147	222	195	147
64	35	26	64	35	26
149	134	100	149	134	100
14	16	15	14	16	15
142	100	80	142	100	80
28	73	103	28	73	103
139	102	81	139	102	81
108	53	40	108	53	40
16	16	14	16	16	14
173	126	97	173	126	97
169	137	100	169	137	100
40	18	16	40	18	16
97	47	37	97	47	37
26	27	26	26	27	26
27	68	101	27	68	101
69	32	24	69	32	24
51	60	64	51	60	64
50	61	53	50	61	53
26	57	86	26	57	86
21	27	37	21	27	37
24	46	66	24	46	66
15	18	19	15	18	19
115	46	37	115	46	37
32	57	79	32	57	79
34	72	101	34	72	101
172	150	111	172	150	111
11	14	11	11	14	11
53	119	136	53	119	136
12	14	11	12	14	11
80	39	27	80	39	27
86	46	35	86	46	35
64	38	29	64	38	29
77	120	138	77	120	138
41	51	55	41	51	55
22	31	44	22	31	44
58	29	22	58	29	22
74	42	33	74	42	33
141	163	142	141	163	142
13	16	15	13	16	15
113	69	51	113	69	51
15	18	17	15	18	17
15	15	14	15	15	14
25	49	73	25	49	73
22	23	19	22	23	19
167	147	111	167	147	111
135	111	84	135	111	84
19	24	34	19	24	34
24	39	61	24	39	61
30	21	15	30	21	15
24	41	59	24	41	59
96	43	35	96	43	35
14	14	15	14	14	15
13	15	12	13	15	12
101	43	34	101	43	34
13	16	14	13	16	14
33	95	121	33	95	121
141	101	79	141	101	79
24	40	62	24	40	62
78	36	29	78	36	29
29	66	91	29	66	91
96	47	40	96	47	40
25	59	92	25	59	92
27	64	90	27	64	90
157	128	88	157	128	88
23	30	45	23	30	45
22	27	42	22	27	42
29	62	93	29	62	93
38	115	140	38	115	140
29	79	114	29	79	114
33	90	116	33	90	116
152	101	66	152	101	66
133	99	65	133	99	65
49	98	108	49	98	108
191	153	117	191	153	117
167	97	69	167	97	69
47	92	114	47	92	114
22	36	56	22	36	56
13	14	12	13	14	12
30	79	106	30	79	106
30	54	75	30	54	75
68	76	66	68	76	66
77	37	28	77	37	28
40	107	136	40	107	136
14	17	15	14	17	15
185	154	109	185	154	109
97	52	43	97	52	43
181	156	120	181	156	120
27	41	64	27	41	64
34	98	131	34	98	131
92	53	40	92	53	40
178	172	138	178	172	138
26	35	54	26	35	54
43	100	127	43	100	127
87	54	41	87	54	41
83	42	34	83	42	34
23	42	65	23	42	65
34	63	88	34	63	88
11	13	13	11	13	13
15	16	13	15	16	13
89	52	42	89	52	42
58	29	20	58	29	20
27	59	91	27	59	91
171	138	105	171	138	105
57	29	24	57	29	24
88	40	32	88	40	32
175	115	91	175	115	91
13	15	13	13	15	13
105	48	41	105	48	41
25	49	73	25	49	73
28	73	105	28	73	105
18	42	34	18	42	34
63	149	161	63	149	161
25	59	85	25	59	85
22	45	69	22	45	69
161	100	75	161	100	75
80	39	34	80	39	34
28	63	91	28	63	91
18	23	19	18	23	19
28	62	91	28	62	91
101	55	43	101	55	43
30	67	93	30	67	93
13	13	11	13	13	11
15	17	14	15	17	14
118	130	111	118	130	111
25	34	60	25	34	60
137	159	144	137	159	144
24	39	60	24	39	60
47	20	13	47	20	13
32	89	118	32	89	118
85	44	37	85	44	37
25	28	24	25	28	24
16	15	14	16	15	14
15	16	14	15	16	14
28	73	107	28	73	107
94	49	38	94	49	38
16	17	14	16	17	14
115	126	109	115	126	109
29	56	82	29	56	82
16	20	19	16	20	19
12	13	11	12	13	11
13	16	16	13	16	16
27	57	82	27	57	82
116	60	46	116	60	46
152	87	66	152	87	66
32	96	121	32	96	121
82	39	34	82	39	34
18	29	33	18	29	33
160	86	65	160	86	65
71	36	33	71	36	33
23	31	53	23	31	53
38	96	124	38	96	124
178	101	78	178	101	78
33	36	33	33	36	33
16	18	16	16	18	16
29	83	114	29	83	114
142	104	69	142	104	69
74	38	31	74	38	31
88	46	35	88	46	35
16	18	15	16	18	15
22	26	36	22	26	36
100	57	54	100	57	54
13	16	14	13	16	14
18	18	18	18	18	18
221	238	137	221	238	137
156	124	94	156	124	94
20	21	32	20	21	32
16	19	16	16	19	16
32	87	117	32	87	117
14	17	15	14	17	15
95	70	52	95	70	52
105	65	52	105	65	52
22	43	67	22	43	67
12	13	12	12	13	12
19	18	18	19	18	18
41	93	117	41	93	117
24	47	71	24	47	71
18	18	18	18	18	18
16	16	14	16	16	14
15	15	14	15	15	14
35	83	112	35	83	112
21	28	49	21	28	49
158	178	159	158	178	159
182	172	121	182	172	121
15	17	14	15	17	14
177	199	179	177	199	179
81	37	31	81	37	31
16	16	15	16	16	15
25	43	67	25	43	67
72	41	30	72	41	30
116	61	46	116	61	46
36	44	44	36	44	44
171	154	111	171	154	111
62	37	28	62	37	28
27	44	68	27	44	68
41	99	129	41	99	129
172	160	107	172	160	107
14	15	16	14	15	16
122	137	119	122	137	119
107	62	45	107	62	45
88	40	30	88	40	30
79	44	34	79	44	34
89	52	50	89	52	50
93	44	34	93	44	34
138	112	68	138	112	68
161	129	89	161	129	89
15	18	17	15	18	17
70	40	26	70	40	26
24	38	60	24	38	60
95	124	110	95	124	110
13	15	14	13	15	14
57	35	27	57	35	27
41	106	130	41	106	130
181	181	128	181	181	128
33	82	113	33	82	113
34	100	130	34	100	130
164	138	106	164	138	106
38	96	128	38	96	128
172	131	100	172	131	100
27	60	83	27	60	83
22	29	53	22	29	53
124	59	45	124	59	45
119	132	112	119	132	112
73	40	34	73	40	34
68	40	31	68	40	31
21	17	12	21	17	12
29	50	79	29	50	79
28	5	17	28	5	17
15	15	11	15	15	11
23	28	38	23	28	38
107	67	50	107	67	50
24	29	50	24	29	50
140	96	83	140	96	83
13	16	15	13	16	15
23	38	58	23	38	58
23	35	57	23	35	57
40	106	136	40	106	136
35	73	99	35	73	99
172	157	132	172	157	132
224	186	134	224	186	134
30	64	90	30	64	90
113	55	44	113	55	44
30	84	111	30	84	111
32	72	106	32	72	106
13	15	14	13	15	14
25	60	83	25	60	83
0	0	0	0	0	0
30	80	110	30	80	110
120	132	111	120	132	111
15	17	13	15	17	13
184	153	105	184	153	105
186	164	127	186	164	127
24	29	40	24	29	40
128	70	54	128	70	54
101	62	49	101	62	49
111	48	38	111	48	38
78	40	32	78	40	32
24	29	46	24	29	46
19	19	20	19	19	20
14	16	14	14	16	14
40	103	131	40	103	131
156	121	92	156	121	92
40	22	15	40	22	15
14	15	12	14	15	12
15	17	15	15	17	15
155	114	82	155	114	82
158	131	103	158	131	103
77	45	36	77	45	36
43	114	138	43	114	138
112	58	41	112	58	41
145	105	74	145	105	74
25	28	25	25	28	25
39	87	116	39	87	116
165	157	119	165	157	119
167	183	161	167	183	161
14	17	15	14	17	15
29	65	93	29	65	93
16	16	15	16	16	15
158	101	80	158	101	80
80	46	37	80	46	37
105	49	42	105	49	42
65	30	25	65	30	25
126	99	70	126	99	70
22	34	56	22	34	56
0	0	0	0	0	0
22	31	47	22	31	47
190	154	107	190	154	107
26	37	50	26	37	50
26	65	95	26	65	95
26	54	80	26	54	80
167	149	107	167	149	107
17	20	18	17	20	18
196	173	125	196	173	125
13	14	14	13	14	14
14	16	13	14	16	13
27	49	73	27	49	73
194	159	110	194	159	110
86	32	28	86	32	28
30	85	117	30	85	117
12	15	12	12	15	12
66	42	32	66	42	32
34	78	100	34	78	100
135	89	59	135	89	59
110	73	50	110	73	50
16	17	16	16	17	16
21	26	37	21	26	37
26	66	99	26	66	99
186	144	106	186	144	106
119	132	111	119	132	111
80	40	32	80	40	32
49	117	141	49	117	141
40	88	118	40	88	118
24	46	72	24	46	72
23	25	23	23	25	23
57	36	28	57	36	28
13	15	12	13	15	12
12	15	13	12	15	13
113	126	108	113	126	108
15	17	16	15	17	16
145	111	84	145	111	84
95	50	37	95	50	37
21	26	41	21	26	41
15	18	16	15	18	16
179	139	106	179	139	106
116	128	108	116	128	108
23	22	21	23	22	21
12	13	12	12	13	12
178	162	115	178	162	115
0	0	0	0	0	0
29	70	101	29	70	101
11	12	12	11	12	12
32	64	89	32	64	89
16	18	14	16	18	14
53	32	24	53	32	24
27	64	92	27	64	92
18	20	19	18	20	19
11	13	12	11	13	12
31	28	25	31	28	25
187	150	116	187	150	116
14	15	15	14	15	15
63	40	29	63	40	29
13	16	15	13	16	15
29	39	42	29	39	42
30	57	64	30	57	64
33	90	118	33	90	118
25	42	61	25	42	61
114	127	106	114	127	106
93	52	36	93	52	36
159	156	121	159	156	121
14	15	12	14	15	12
212	235	205	212	235	205
13	16	12	13	16	12
16	17	15	16	17	15
15	17	13	15	17	13
23	38	61	23	38	61
16	29	36	16	29	36
32	56	65	32	56	65
139	155	137	139	155	137
25	39	57	25	39	57
38	92	126	38	92	126
22	37	57	22	37	57
78	47	36	78	47	36
13	14	13	13	14	13
12	15	14	12	15	14
12	14	14	12	14	14
141	122	98	141	122	98
94	62	43	94	62	43
39	114	140	39	114	140
28	66	98	28	66	98
79	33	30	79	33	30
24	45	67	24	45	67
89	40	30	89	40	30
13	14	12	13	14	12
30	80	112	30	80	112
87	48	39	87	48	39
187	152	116	187	152	116
115	77	59	115	77	59
37	69	90	37	69	90
159	115	88	159	115	88
17	21	18	17	21	18
22	37	56	22	37	56
116	129	111	116	129	111
15	18	16	15	18	16
75	44	28	75	44	28
29	77	110	29	77	110
96	61	46	96	61	46
47	63	67	47	63	67
23	34	51	23	34	51
87	42	35	87	42	35
121	132	112	121	132	112
22	32	48	22	32	48
23	26	34	23	26	34
15	17	15	15	17	15
15	15	14	15	15	14
31	51	72	31	51	72
86	48	37	86	48	37
24	24	24	24	24	24
36	39	36	36	39	36
14	17	14	14	17	14
176	151	107	176	151	107
28	62	89	28	62	89
70	38	25	70	38	25
64	33	26	64	33	26
34	86	117	34	86	117
21	42	64	21	42	64
28	40	61	28	40	61
94	41	29	94	41	29
15	17	14	15	17	14
33	78	108	33	78	108
176	146	100	176	146	100
163	120	93	163	120	93
103	67	49	103	67	49
28	62	89	28	62	89
27	57	81	27	57	81
35	85	118	35	85	118
144	106	65	144	106	65
108	121	101	108	121	101
81	32	26	81	32	26
15	19	19	15	19	19
115	125	107	115	125	107
28	65	95	28	65	95
24	56	85	24	56	85
96	46	38	96	46	38
13	13	14	13	13	14
27	62	88	27	62	88
16	16	14	16	16	14
57	37	25	57	37	25
22	25	39	22	25	39
24	40	63	24	40	63
115	67	49	115	67	49
11	12	10	11	12	10
109	61	47	109	61	47
28	52	74	28	52	74
24	41	64	24	41	64
74	36	29	74	36	29
115	127	109	115	127	109
113	118	120	113	118	120
12	15	12	12	15	12
57	31	24	57	31	24
33	56	67	33	56	67
54	74	99	54	74	99
13	15	14	13	15	14
17	18	16	17	18	16
25	37	61	25	37	61
117	60	47	117	60	47
172	91	65	172	91	65
98	58	37	98	58	37
15	21	17	15	21	17
16	16	14	16	16	14
28	45	73	28	45	73
63	50	45	63	50	45
203	229	172	203	229	172
39	105	134	39	105	134
14	14	15	14	14	15
29	60	84	29	60	84
15	16	14	15	16	14
24	11	29	24	11	29
87	47	38	87	47	38
57	30	20	57	30	20
134	116	94	134	116	94
98	44	37	98	44	37
29	34	34	29	34	34
86	42	30	86	42	30
22	34	52	22	34	52
15	17	17	15	17	17
20	25	41	20	25	41
34	91	123	34	91	123
57	31	25	57	31	25
25	51	81	25	51	81
72	36	29	72	36	29
36	85	111	36	85	111
163	113	83	163	113	83
10	13	11	10	13	11
145	124	88	145	124	88
26	50	75	26	50	75
159	151	120	159	151	120
15	16	13	15	16	13
25	60	92	25	60	92
15	18	17	15	18	17
12	14	12	12	14	12
153	141	104	153	141	104
221	238	139	221	238	139
14	15	14	14	15	14
15	15	14	15	15	14
27	29	25	27	29	25
65	30	23	65	30	23
195	173	114	195	173	114
40	96	129	40	96	129
19	21	33	19	21	33
27	60	91	27	60	91
211	228	130	211	228	130
84	42	29	84	42	29
21	26	25	21	26	25
27	42	66	27	42	66
28	70	102	28	70	102
27	68	100	27	68	100
40	103	132	40	103	132
28	77	110	28	77	110
36	91	116	36	91	116
143	116	76	143	116	76
29	28	22	29	28	22
30	71	103	30	71	103
13	15	15	13	15	15
71	34	28	71	34	28
60	36	33	60	36	33
83	36	29	83	36	29
77	38	30	77	38	30
55	28	24	55	28	24
38	95	118	38	95	118
12	16	13	12	16	13
62	33	26	62	33	26
29	66	96	29	66	96
18	20	18	18	20	18
22	47	71	22	47	71
67	33	27	67	33	27
39	97	123	39	97	123
22	26	35	22	26	35
161	132	99	161	132	99
12	13	12	12	13	12
19	21	19	19	21	19
26	34	52	26	34	52
24	26	23	24	26	23
99	63	49	99	63	49
12	14	11	12	14	11
0	0	0	0	0	0
32	86	114	32	86	114
64	34	26	64	34	26
13	14	12	13	14	12
84	43	34	84	43	34
142	122	102	142	122	102
14	15	11	14	15	11
81	53	41	81	53	41
29	48	73	29	48	73
16	17	16	16	17	16
15	18	14	15	18	14
28	61	87	28	61	87
22	24	37	22	24	37
26	52	73	26	52	73
77	40	31	77	40	31
78	35	29	78	35	29
27	41	67	27	41	67
82	43	33	82	43	33
15	16	15	15	16	15
75	34	27	75	34	27
124	87	72	124	87	72
29	83	113	29	83	113
16	19	16	16	19	16
34	82	112	34	82	112
23	45	72	23	45	72
82	95	88	82	95	88
58	33	26	58	33	26
21	35	41	21	35	41
34	82	110	34	82	110
23	25	35	23	25	35
167	124	88	167	124	88
23	45	69	23	45	69
39	104	134	39	104	134
15	16	14	15	16	14
23	52	82	23	52	82
13	16	14	13	16	14
90	46	36	90	46	36
34	89	120	34	89	120
24	29	28	24	29	28
13	15	13	13	15	13
11	14	12	11	14	12
17	18	19	17	18	19
40	75	101	40	75	101
28	47	68	28	47	68
29	81	114	29	81	114
79	37	26	79	37	26
44	115	142	44	115	142
12	15	13	12	15	13
51	110	133	51	110	133
12	15	13	12	15	13
23	25	41	23	25	41
16	18	16	16	18	16
55	133	149	55	133	149
12	15	11	12	15	11
30	79	110	30	79	110
22	25	39	22	25	39
117	68	44	117	68	44
119	87	61	119	87	61
29	76	106	29	76	106
35	77	100	35	77	100
138	91	69	138	91	69
13	14	15	13	14	15
40	105	131	40	105	131
13	15	14	13	15	14
76	42	35	76	42	35
15	15	15	15	15	15
28	78	109	28	78	109
80	39	33	80	39	33
37	103	132	37	103	132
26	39	62	26	39	62
113	126	107	113	126	107
116	126	106	116	126	106
25	39	62	25	39	62
81	40	28	81	40	28
49	26	21	49	26	21
28	55	70	28	55	70
77	48	40	77	48	40
94	73	49	94	73	49
22	22	30	22	22	30
14	17	17	14	17	17
16	20	17	16	20	17
59	124	156	59	124	156
169	149	98	169	149	98
166	147	103	166	147	103
15	16	15	15	16	15
29	66	88	29	66	88
14	17	13	14	17	13
157	107	73	157	107	73
86	39	33	86	39	33
77	31	24	77	31	24
84	47	36	84	47	36
98	49	36	98	49	36
175	115	87	175	115	87
108	67	54	108	67	54
28	59	88	28	59	88
32	99	129	32	99	129
24	25	24	24	25	24
126	136	116	126	136	116
19	22	20	19	22	20
110	47	35	110	47	35
28	57	77	28	57	77
30	75	101	30	75	101
16	17	15	16	17	15
97	43	32	97	43	32
160	102	78	160	102	78
115	64	55	115	64	55
36	67	95	36	67	95
21	33	51	21	33	51
55	34	27	55	34	27
27	33	30	27	33	30
16	18	15	16	18	15
31	54	73	31	54	73
46	108	132	46	108	132
170	133	101	170	133	101
15	15	13	15	15	13
31	67	91	31	67	91
17	26	30	17	26	30
15	18	17	15	18	17
59	65	58	59	65	58
37	21	17	37	21	17
173	148	109	173	148	109
10	13	11	10	13	11
13	14	14	13	14	14
26	43	67	26	43	67
13	15	11	13	15	11
24	43	62	24	43	62
14	17	15	14	17	15
143	89	68	143	89	68
41	80	104	41	80	104
14	14	14	14	14	14
90	101	88	90	101	88
86	46	38	86	46	38
20	21	33	20	21	33
33	73	102	33	73	102
35	94	125	35	94	125
42	102	132	42	102	132
26	63	94	26	63	94
70	39	32	70	39	32
38	94	124	38	94	124
234	240	228	234	240	228
15	16	15	15	16	15
106	75	66	106	75	66
18	16	16	18	16	16
12	15	14	12	15	14
14	18	16	14	18	16
102	47	34	102	47	34
25	46	71	25	46	71
17	19	15	17	19	15
22	37	60	22	37	60
23	40	65	23	40	65
80	44	30	80	44	30
16	18	16	16	18	16
27	42	66	27	42	66
30	69	95	30	69	95
22	43	66	22	43	66
30	80	102	30	80	102
32	87	117	32	87	117
11	14	12	11	14	12
93	102	113	93	102	113
15	16	14	15	16	14
105	56	41	105	56	41
119	131	110	119	131	110
174	140	101	174	140	101
39	118	145	39	118	145
96	47	38	96	47	38
16	18	15	16	18	15
24	52	78	24	52	78
27	55	83	27	55	83
12	14	12	12	14	12
17	20	17	17	20	17
177	162	122	177	162	122
106	117	103	106	117	103
69	29	24	69	29	24
14	13	11	14	13	11
28	70	102	28	70	102
156	122	84	156	122	84
28	68	103	28	68	103
13	15	13	13	15	13
148	118	77	148	118	77
22	20	30	22	20	30
22	27	46	22	27	46
172	155	120	172	155	120
26	53	79	26	53	79
39	76	99	39	76	99
36	104	129	36	104	129
69	41	32	69	41	32
23	45	69	23	45	69
16	21	17	16	21	17
100	44	35	100	44	35
96	47	38	96	47	38
116	127	109	116	127	109
22	24	39	22	24	39
27	61	89	27	61	89
15	17	16	15	17	16
25	47	70	25	47	70
34	102	127	34	102	127
22	39	63	22	39	63
28	73	107	28	73	107
79	44	36	79	44	36
25	53	80	25	53	80
38	114	141	38	114	141
16	20	17	16	20	17
93	54	37	93	54	37
7	5	13	7	5	13
30	77	110	30	77	110
118	76	61	118	76	61
12	14	13	12	14	13
19	20	28	19	20	28
27	63	88	27	63	88
41	48	50	41	48	50
111	127	110	111	127	110
25	56	79	25	56	79
22	38	60	22	38	60
13	16	15	13	16	15
12	14	13	12	14	13
105	66	45	105	66	45
13	17	14	13	17	14
119	85	64	119	85	64
165	139	113	165	139	113
13	16	13	13	16	13
33	82	145	33	82	145
28	43	68	28	43	68
23	29	49	23	29	49
27	69	99	27	69	99
142	126	93	142	126	93
13	14	12	13	14	12
22	26	38	22	26	38
28	30	27	28	30	27
35	105	131	35	105	131
16	18	14	16	18	14
14	14	11	14	14	11
17	18	19	17	18	19
47	22	17	47	22	17
15	17	15	15	17	15
34	71	84	34	71	84
27	46	76	27	46	76
25	53	85	25	53	85
30	56	79	30	56	79
52	90	104	52	90	104
13	15	14	13	15	14
122	134	114	122	134	114
22	36	58	22	36	58
24	27	42	24	27	42
20	21	21	20	21	21
138	91	70	138	91	70
220	237	136	220	237	136
28	62	91	28	62	91
24	50	75	24	50	75
89	53	45	89	53	45
22	27	38	22	27	38
134	96	75	134	96	75
58	23	19	58	23	19
26	47	66	26	47	66
220	237	137	220	237	137
15	17	14	15	17	14
92	45	35	92	45	35
181	111	82	181	111	82
21	26	41	21	26	41
114	73	55	114	73	55
54	29	23	54	29	23
30	73	101	30	73	101
31	79	111	31	79	111
14	17	14	14	17	14
52	31	24	52	31	24
23	26	39	23	26	39
68	33	25	68	33	25
21	24	39	21	24	39
26	45	74	26	45	74
63	38	30	63	38	30
33	85	116	33	85	116
20	26	38	20	26	38
25	52	81	25	52	81
80	44	35	80	44	35
122	80	65	122	80	65
13	16	13	13	16	13
159	135	94	159	135	94
42	115	141	42	115	141
86	54	43	86	54	43
29	71	105	29	71	105
65	34	28	65	34	28
14	15	16	14	15	16
85	39	31	85	39	31
12	14	12	12	14	12
142	110	85	142	110	85
79	41	32	79	41	32
110	60	48	110	60	48
32	64	83	32	64	83
206	175	128	206	175	128
62	31	24	62	31	24
39	73	99	39	73	99
22	24	38	22	24	38
79	88	78	79	88	78
18	21	20	18	21	20
71	37	25	71	37	25
14	16	15	14	16	15
37	88	101	37	88	101
141	157	137	141	157	137
234	214	150	234	214	150
53	100	115	53	100	115
140	156	137	140	156	137
22	28	45	22	28	45
26	56	84	26	56	84
39	94	126	39	94	126
17	35	41	17	35	41
24	53	82	24	53	82
28	63	90	28	63	90
68	32	24	68	32	24
138	134	99	138	134	99
23	32	49	23	32	49
116	128	107	116	128	107
29	80	110	29	80	110
37	100	129	37	100	129
22	39	59	22	39	59
152	140	111	152	140	111
14	15	13	14	15	13
14	17	14	14	17	14
170	158	124	170	158	124
98	43	34	98	43	34
36	93	124	36	93	124
30	36	23	30	36	23
95	47	39	95	47	39
125	54	43	125	54	43
14	17	15	14	17	15
79	43	34	79	43	34
190	153	112	190	153	112
13	15	13	13	15	13
13	14	13	13	14	13
24	29	48	24	29	48
23	23	22	23	23	22
76	46	36	76	46	36
28	65	99	28	65	99
30	63	86	30	63	86
13	16	14	13	16	14
22	28	42	22	28	42
111	126	106	111	126	106
51	27	19	51	27	19
166	150	107	166	150	107
36	89	123	36	89	123
15	15	13	15	15	13
25	38	59	25	38	59
24	51	75	24	51	75
12	14	13	12	14	13
70	34	28	70	34	28
12	15	10	12	15	10
13	15	15	13	15	15
23	34	47	23	34	47
133	94	69	133	94	69
100	67	46	100	67	46
171	156	116	171	156	116
170	134	101	170	134	101
99	53	43	99	53	43
23	35	26	23	35	26
128	147	132	128	147	132
89	41	32	89	41	32
67	36	26	67	36	26
23	25	39	23	25	39
21	23	36	21	23	36
78	36	24	78	36	24
58	32	23	58	32	23
38	19	14	38	19	14
164	146	104	164	146	104
96	48	36	96	48	36
16	17	14	16	17	14
14	14	11	14	14	11
25	32	47	25	32	47
11	10	10	11	10	10
128	91	70	128	91	70
106	63	44	106	63	44
38	100	132	38	100	132
184	141	102	184	141	102
15	16	13	15	16	13
59	27	22	59	27	22
18	19	25	18	19	25
27	69	103	27	69	103
48	88	103	48	88	103
31	70	97	31	70	97
42	55	54	42	55	54
156	91	68	156	91	68
50	124	143	50	124	143
14	15	13	14	15	13
37	74	94	37	74	94
27	60	87	27	60	87
24	47	73	24	47	73
102	59	50	102	59	50
16	17	16	16	17	16
63	33	26	63	33	26
49	106	127	49	106	127
27	72	106	27	72	106
35	81	112	35	81	112
176	160	116	176	160	116
0	0	0	0	0	0
25	50	75	25	50	75
217	238	207	217	238	207
119	132	112	119	132	112
19	32	33	19	32	33
29	71	102	29	71	102
25	42	63	25	42	63
18	18	16	18	18	16
94	53	44	94	53	44
21	25	37	21	25	37
14	15	12	14	15	12
153	99	76	153	99	76
166	154	111	166	154	111
51	119	146	51	119	146
214	229	130	214	229	130
23	42	62	23	42	62
168	152	117	168	152	117
23	33	47	23	33	47
66	32	27	66	32	27
34	78	100	34	78	100
33	82	110	33	82	110
26	17	13	26	17	13
18	22	16	18	22	16
15	16	15	15	16	15
113	57	45	113	57	45
14	17	14	14	17	14
23	39	65	23	39	65
66	31	27	66	31	27
17	19	18	17	19	18
38	16	15	38	16	15
86	53	38	86	53	38
163	138	89	163	138	89
23	31	27	23	31	27
15	18	13	15	18	13
217	233	135	217	233	135
85	53	35	85	53	35
23	23	23	23	23	23
33	76	104	33	76	104
27	64	94	27	64	94
63	40	31	63	40	31
25	59	88	25	59	88
33	81	113	33	81	113
68	31	26	68	31	26
29	78	111	29	78	111
181	164	120	181	164	120
29	90	121	29	90	121
14	16	14	14	16	14
23	27	23	23	27	23
172	152	107	172	152	107
27	61	92	27	61	92
22	41	61	22	41	61
30	80	114	30	80	114
36	74	99	36	74	99
46	56	67	46	56	67
63	31	26	63	31	26
27	63	91	27	63	91
14	16	13	14	16	13
119	131	110	119	131	110
98	39	34	98	39	34
20	28	35	20	28	35
22	26	25	22	26	25
51	140	161	51	140	161
114	129	110	114	129	110
88	29	24	88	29	24
118	85	53	118	85	53
11	13	12	11	13	12
116	129	110	116	129	110
12	14	12	12	14	12
13	14	14	13	14	14
85	52	41	85	52	41
27	51	79	27	51	79
81	40	30	81	40	30
38	95	125	38	95	125
15	18	17	15	18	17
132	84	61	132	84	61
100	57	42	100	57	42
39	21	15	39	21	15
104	62	58	104	62	58
29	61	85	29	61	85
12	14	13	12	14	13
129	86	67	129	86	67
16	16	18	16	16	18
58	30	23	58	30	23
57	36	29	57	36	29
27	62	90	27	62	90
13	15	15	13	15	15
33	69	92	33	69	92
94	44	36	94	44	36
26	65	99	26	65	99
78	30	25	78	30	25
84	47	39	84	47	39
93	56	48	93	56	48
0	0	0	0	0	0
38	82	102	38	82	102
0	0	0	0	0	0
23	24	23	23	24	23
80	32	26	80	32	26
66	30	24	66	30	24
23	38	56	23	38	56
71	34	30	71	34	30
45	21	16	45	21	16
30	58	82	30	58	82
24	43	63	24	43	63
36	20	17	36	20	17
21	25	36	21	25	36
67	45	35	67	45	35
22	27	46	22	27	46
67	36	29	67	36	29
21	22	32	21	22	32
147	144	113	147	144	113
17	19	17	17	19	17
13	13	12	13	13	12
26	52	79	26	52	79
12	14	13	12	14	13
26	73	107	26	73	107
13	15	13	13	15	13
147	121	90	147	121	90
28	60	83	28	60	83
121	132	114	121	132	114
17	19	17	17	19	17
70	31	25	70	31	25
22	30	46	22	30	46
92	38	31	92	38	31
12	15	11	12	15	11
17	21	18	17	21	18
100	47	34	100	47	34
95	53	39	95	53	39
12	13	12	12	13	12
25	30	47	25	30	47
116	128	109	116	128	109
130	88	78	130	88	78
22	34	48	22	34	48
59	153	176	59	153	176
94	39	33	94	39	33
52	24	17	52	24	17
15	17	15	15	17	15
27	59	87	27	59	87
32	60	84	32	60	84
15	18	15	15	18	15
14	15	12	14	15	12
59	31	26	59	31	26
12	15	13	12	15	13
22	41	61	22	41	61
50	55	49	50	55	49
153	112	81	153	112	81
25	46	71	25	46	71
28	72	94	28	72	94
39	96	121	39	96	121
14	17	16	14	17	16
163	105	81	163	105	81
156	99	70	156	99	70
15	15	13	15	15	13
109	90	65	109	90	65
35	78	103	35	78	103
15	16	13	15	16	13
170	88	66	170	88	66
23	29	47	23	29	47
27	76	108	27	76	108
55	107	134	55	107	134
34	88	114	34	88	114
21	36	57	21	36	57
141	156	137	141	156	137
27	61	90	27	61	90
93	44	37	93	44	37
18	19	20	18	19	20
26	65	98	26	65	98
21	32	49	21	32	49
38	20	16	38	20	16
63	34	27	63	34	27
35	65	116	35	65	116
27	44	71	27	44	71
56	23	18	56	23	18
80	39	29	80	39	29
84	42	33	84	42	33
16	17	16	16	17	16
14	15	13	14	15	13
23	30	25	23	30	25
118	128	108	118	128	108
13	14	13	13	14	13
33	86	107	33	86	107
217	238	209	217	238	209
20	34	53	20	34	53
97	40	31	97	40	31
118	130	112	118	130	112
49	56	49	49	56	49
18	21	19	18	21	19
32	90	121	32	90	121
30	78	111	30	78	111
118	131	110	118	131	110
106	52	41	106	52	41
26	61	92	26	61	92
14	15	15	14	15	15
167	98	76	167	98	76
73	43	34	73	43	34
31	31	35	31	31	35
41	109	135	41	109	135
25	69	102	25	69	102
59	32	26	59	32	26
26	62	86	26	62	86
12	15	14	12	15	14
66	112	124	66	112	124
220	239	140	220	239	140
30	61	85	30	61	85
108	47	37	108	47	37
113	59	44	113	59	44
36	109	64	36	109	64
17	17	15	17	17	15
117	128	109	117	128	109
83	34	28	83	34	28
27	57	86	27	57	86
22	34	53	22	34	53
31	57	79	31	57	79
13	14	14	13	14	14
41	19	15	41	19	15
27	56	81	27	56	81
98	43	33	98	43	33
22	33	53	22	33	53
12	13	12	12	13	12
70	34	27	70	34	27
140	136	93	140	136	93
27	43	68	27	43	68
21	25	35	21	25	35
107	124	114	107	124	114
25	51	78	25	51	78
40	62	85	40	62	85
82	39	33	82	39	33
20	22	32	20	22	32
25	56	80	25	56	80
124	103	77	124	103	77
30	61	86	30	61	86
118	129	110	118	129	110
30	78	144	30	78	144
26	56	86	26	56	86
106	65	50	106	65	50
43	47	41	43	47	41
89	50	41	89	50	41
186	143	108	186	143	108
23	50	76	23	50	76
12	15	13	12	15	13
45	92	117	45	92	117
147	126	100	147	126	100
97	49	38	97	49	38
121	134	119	121	134	119
25	40	64	25	40	64
24	44	42	24	44	42
30	77	108	30	77	108
37	108	137	37	108	137
16	16	15	16	16	15
39	100	126	39	100	126
89	47	40	89	47	40
30	74	107	30	74	107
17	20	23	17	20	23
25	48	66	25	48	66
14	15	15	14	15	15
11	12	11	11	12	11
176	171	130	176	171	130
20	21	19	20	21	19
166	145	100	166	145	100
14	16	13	14	16	13
14	15	10	14	15	10
77	38	31	77	38	31
30	71	100	30	71	100
28	69	101	28	69	101
67	75	66	67	75	66
115	126	108	115	126	108
92	53	39	92	53	39
20	22	31	20	22	31
117	129	110	117	129	110
17	20	22	17	20	22
112	123	103	112	123	103
13	16	14	13	16	14
47	102	122	47	102	122
23	60	78	23	60	78
74	113	109	74	113	109
15	18	14	15	18	14
46	112	136	46	112	136
150	99	65	150	99	65
47	87	100	47	87	100
76	35	28	76	35	28
26	55	76	26	55	76
31	67	93	31	67	93
80	44	32	80	44	32
26	54	78	26	54	78
16	14	14	16	14	14
138	121	81	138	121	81
99	47	36	99	47	36
14	14	11	14	14	11
32	76	105	32	76	105
15	17	15	15	17	15
12	14	14	12	14	14
14	17	13	14	17	13
32	56	85	32	56	85
32	97	124	32	97	124
14	15	14	14	15	14
82	41	32	82	41	32
26	27	24	26	27	24
14	15	14	14	15	14
13	15	13	13	15	13
33	93	119	33	93	119
168	115	85	168	115	85
22	23	36	22	23	36
108	58	45	108	58	45
120	131	111	120	131	111
101	90	59	101	90	59
31	65	85	31	65	85
103	50	42	103	50	42
24	56	81	24	56	81
38	105	133	38	105	133
47	123	142	47	123	142
27	58	83	27	58	83
90	49	37	90	49	37
92	62	42	92	62	42
26	53	74	26	53	74
34	93	117	34	93	117
15	18	15	15	18	15
167	97	78	167	97	78
17	18	16	17	18	16
36	81	105	36	81	105
48	22	16	48	22	16
124	87	69	124	87	69
141	114	83	141	114	83
17	18	16	17	18	16
23	31	31	23	31	31
0	0	0	0	0	0
20	22	20	20	22	20
87	35	31	87	35	31
98	55	40	98	55	40
26	59	84	26	59	84
13	15	14	13	15	14
14	15	13	14	15	13
90	45	36	90	45	36
20	24	34	20	24	34
75	32	27	75	32	27
80	47	32	80	47	32
15	17	14	15	17	14
196	163	125	196	163	125
14	16	15	14	16	15
138	130	105	138	130	105
66	36	31	66	36	31
29	64	94	29	64	94
87	49	40	87	49	40
48	119	139	48	119	139
52	99	108	52	99	108
22	36	53	22	36	53
14	15	13	14	15	13
12	15	12	12	15	12
93	111	100	93	111	100
180	152	112	180	152	112
111	54	44	111	54	44
26	70	100	26	70	100
55	29	23	55	29	23
27	68	102	27	68	102
17	20	20	17	20	20
15	17	14	15	17	14
47	115	141	47	115	141
21	38	62	21	38	62
19	20	19	19	20	19
151	98	74	151	98	74
14	16	15	14	16	15
114	125	107	114	125	107
28	65	92	28	65	92
15	16	16	15	16	16
29	68	100	29	68	100
21	22	34	21	22	34
13	15	15	13	15	15
70	30	27	70	30	27
7	25	28	7	25	28
28	68	98	28	68	98
14	17	15	14	17	15
83	34	28	83	34	28
25	33	49	25	33	49
122	66	52	122	66	52
32	76	108	32	76	108
30	84	113	30	84	113
41	102	130	41	102	130
43	107	137	43	107	137
77	101	92	77	101	92
83	40	33	83	40	33
24	45	72	24	45	72
154	116	92	154	116	92
167	131	100	167	131	100
26	59	85	26	59	85
195	139	103	195	139	103
167	130	99	167	130	99
179	133	96	179	133	96
67	35	26	67	35	26
26	48	70	26	48	70
20	22	33	20	22	33
28	61	93	28	61	93
57	37	29	57	37	29
162	152	122	162	152	122
41	23	18	41	23	18
18	20	20	18	20	20
16	18	16	16	18	16
13	15	13	13	15	13
15	18	16	15	18	16
30	65	90	30	65	90
76	40	30	76	40	30
56	30	25	56	30	25
28	58	86	28	58	86
44	18	16	44	18	16
191	136	105	191	136	105
22	30	53	22	30	53
89	47	32	89	47	32
45	110	126	45	110	126
27	56	85	27	56	85
32	59	84	32	59	84
72	37	30	72	37	30
111	64	49	111	64	49
21	25	36	21	25	36
148	92	58	148	92	58
101	44	35	101	44	35
79	38	31	79	38	31
196	167	117	196	167	117
13	16	14	13	16	14
24	48	74	24	48	74
70	38	32	70	38	32
13	14	11	13	14	11
98	49	39	98	49	39
116	128	108	116	128	108
13	14	12	13	14	12
119	129	110	119	129	110
85	46	37	85	46	37
87	46	35	87	46	35
24	49	74	24	49	74
88	45	35	88	45	35
85	46	35	85	46	35
162	114	87	162	114	87
27	70	101	27	70	101
55	65	70	55	65	70
27	61	92	27	61	92
31	56	82	31	56	82
36	67	93	36	67	93
19	20	20	19	20	20
76	37	30	76	37	30
15	16	15	15	16	15
16	18	13	16	18	13
15	15	14	15	15	14
26	63	92	26	63	92
70	37	30	70	37	30
84	37	32	84	37	32
53	87	108	53	87	108
33	68	93	33	68	93
25	44	75	25	44	75
50	26	23	50	26	23
200	180	130	200	180	130
129	110	86	129	110	86
105	55	41	105	55	41
17	26	34	17	26	34
15	16	15	15	16	15
26	52	44	26	52	44
14	16	14	14	16	14
13	15	13	13	15	13
34	84	114	34	84	114
35	90	118	35	90	118
14	15	13	14	15	13
12	14	12	12	14	12
15	16	14	15	16	14
24	49	76	24	49	76
22	36	53	22	36	53
75	38	32	75	38	32
184	143	107	184	143	107
15	16	12	15	16	12
34	67	80	34	67	80
41	79	107	41	79	107
23	43	66	23	43	66
38	92	120	38	92	120
161	156	122	161	156	122
28	59	83	28	59	83
15	17	13	15	17	13
15	18	16	15	18	16
54	23	18	54	23	18
25	50	75	25	50	75
89	38	30	89	38	30
95	52	36	95	52	36
33	70	91	33	70	91
86	38	27	86	38	27
35	83	113	35	83	113
63	37	30	63	37	30
53	28	23	53	28	23
15	16	15	15	16	15
24	23	22	24	23	22
128	101	76	128	101	76
13	15	14	13	15	14
102	46	36	102	46	36
17	19	18	17	19	18
29	67	96	29	67	96
25	59	90	25	59	90
31	72	104	31	72	104
14	17	12	14	17	12
25	27	24	25	27	24
28	51	81	28	51	81
27	38	67	27	38	67
24	26	21	24	26	21
21	40	57	21	40	57
176	137	105	176	137	105
15	18	16	15	18	16
40	117	143	40	117	143
151	122	80	151	122	80
110	99	63	110	99	63
26	39	64	26	39	64
14	15	15	14	15	15
29	67	100	29	67	100
30	19	16	30	19	16
147	127	110	147	127	110
77	46	36	77	46	36
26	58	85	26	58	85
176	131	99	176	131	99
17	32	38	17	32	38
18	20	18	18	20	18
23	26	38	23	26	38
40	107	131	40	107	131
20	24	34	20	24	34
15	16	14	15	16	14
96	45	30	96	45	30
13	14	11	13	14	11
45	114	137	45	114	137
23	29	40	23	29	40
25	33	51	25	33	51
25	53	72	25	53	72
25	55	81	25	55	81
36	44	44	36	44	44
34	88	116	34	88	116
28	77	110	28	77	110
17	19	22	17	19	22
66	75	65	66	75	65
108	53	42	108	53	42
34	86	116	34	86	116
17	19	19	17	19	19
92	46	32	92	46	32
13	14	13	13	14	13
215	180	132	215	180	132
29	79	109	29	79	109
0	0	0	0	0	0
97	48	37	97	48	37
79	40	34	79	40	34
36	101	119	36	101	119
75	54	41	75	54	41
83	40	32	83	40	32
69	38	30	69	38	30
14	16	13	14	16	13
91	53	42	91	53	42
23	37	59	23	37	59
21	27	38	21	27	38
31	75	106	31	75	106
37	99	128	37	99	128
123	77	50	123	77	50
26	60	86	26	60	86
176	152	114	176	152	114
50	55	49	50	55	49
26	45	65	26	45	65
20	34	35	20	34	35
26	28	25	26	28	25
177	142	105	177	142	105
12	15	12	12	15	12
27	27	24	27	27	24
99	43	36	99	43	36
92	39	33	92	39	33
208	173	125	208	173	125
165	147	106	165	147	106
93	37	30	93	37	30
28	61	86	28	61	86
15	18	12	15	18	12
20	23	40	20	23	40
16	20	17	16	20	17
32	78	108	32	78	108
13	15	13	13	15	13
215	237	208	215	237	208
56	27	21	56	27	21
106	50	40	106	50	40
174	150	108	174	150	108
119	129	108	119	129	108
15	16	14	15	16	14
57	36	25	57	36	25
15	18	16	15	18	16
165	130	99	165	130	99
15	17	16	15	17	16
11	14	11	11	14	11
35	97	125	35	97	125
40	93	124	40	93	124
31	71	100	31	71	100
22	26	37	22	26	37
27	44	65	27	44	65
15	16	14	15	16	14
26	38	65	26	38	65
29	78	110	29	78	110
16	16	15	16	16	15
27	49	74	27	49	74
29	78	108	29	78	108
30	62	90	30	62	90
80	48	38	80	48	38
27	29	27	27	29	27
14	15	12	14	15	12
165	116	84	165	116	84
13	18	17	13	18	17
58	37	29	58	37	29
144	114	88	144	114	88
25	42	65	25	42	65
10	13	12	10	13	12
28	65	92	28	65	92
105	63	47	105	63	47
98	50	37	98	50	37
20	23	33	20	23	33
126	108	83	126	108	83
16	18	15	16	18	15
33	75	107	33	75	107
13	15	12	13	15	12
36	76	103	36	76	103
29	28	25	29	28	25
27	42	58	27	42	58
11	14	11	11	14	11
32	91	124	32	91	124
23	38	57	23	38	57
18	19	16	18	19	16
30	80	112	30	80	112
11	13	11	11	13	11
237	239	227	237	239	227
37	82	105	37	82	105
32	36	34	32	36	34
15	17	14	15	17	14
14	16	14	14	16	14
28	57	84	28	57	84
26	50	72	26	50	72
29	70	95	29	70	95
13	16	13	13	16	13
25	42	58	25	42	58
5	9	22	5	9	22
12	15	13	12	15	13
31	68	89	31	68	89
16	17	13	16	17	13
31	74	105	31	74	105
15	17	15	15	17	15
30	81	111	30	81	111
49	122	146	49	122	146
28	79	114	28	79	114
16	17	16	16	17	16
12	14	11	12	14	11
24	39	60	24	39	60
73	160	175	73	160	175
15	15	15	15	15	15
231	241	207	231	241	207
15	16	16	15	16	16
14	16	13	14	16	13
57	83	69	57	83	69
26	59	86	26	59	86
33	86	114	33	86	114
40	111	139	40	111	139
25	60	91	25	60	91
114	125	107	114	125	107
34	86	114	34	86	114
15	16	15	15	16	15
30	80	111	30	80	111
61	83	77	61	83	77
16	17	16	16	17	16
36	100	122	36	100	122
29	84	109	29	84	109
36	43	33	36	43	33
29	61	85	29	61	85
26	63	96	26	63	96
219	235	134	219	235	134
17	19	18	17	19	18
26	52	79	26	52	79
33	83	111	33	83	111
29	40	30	29	40	30
115	126	106	115	126	106
13	15	13	13	15	13
32	73	103	32	73	103
16	17	14	16	17	14
17	19	16	17	19	16
24	61	87	24	61	87
33	98	126	33	98	126
14	16	14	14	16	14
13	16	15	13	16	15
13	15	11	13	15	11
17	18	17	17	18	17
27	66	95	27	66	95
15	16	16	15	16	16
16	18	14	16	18	14
24	52	75	24	52	75
159	180	159	159	180	159
27	74	102	27	74	102
13	14	11	13	14	11
14	15	15	14	15	15
27	57	86	27	57	86
116	127	106	116	127	106
11	13	12	11	13	12
27	56	88	27	56	88
35	38	35	35	38	35
13	15	12	13	15	12
24	47	69	24	47	69
77	92	83	77	92	83
15	17	14	15	17	14
29	31	30	29	31	30
15	18	15	15	18	15
16	16	12	16	16	12
13	14	15	13	14	15
14	17	15	14	17	15
34	95	119	34	95	119
21	22	20	21	22	20
26	60	94	26	60	94
15	16	15	15	16	15
28	74	108	28	74	108
13	13	12	13	13	12
30	69	92	30	69	92
26	57	86	26	57	86
14	14	13	14	14	13
34	94	121	34	94	121
29	68	97	29	68	97
15	16	14	15	16	14
28	54	81	28	54	81
12	12	11	12	12	11
15	16	13	15	16	13
12	14	12	12	14	12
18	25	29	18	25	29
16	15	13	16	15	13
21	34	55	21	34	55
0	0	0	0	0	0
25	46	72	25	46	72
16	18	16	16	18	16
28	31	28	28	31	28
12	15	13	12	15	13
13	15	14	13	15	14
23	25	23	23	25	23
115	126	106	115	126	106
27	67	92	27	67	92
15	18	14	15	18	14
31	83	112	31	83	112
12	14	13	12	14	13
0	0	0	0	0	0
43	112	134	43	112	134
24	39	55	24	39	55
44	45	26	44	45	26
30	72	101	30	72	101
18	20	20	18	20	20
27	53	78	27	53	78
14	17	13	14	17	13
12	15	13	12	15	13
14	16	14	14	16	14
222	239	141	222	239	141
14	16	15	14	16	15
15	15	15	15	15	15
32	77	109	32	77	109
15	15	15	15	15	15
15	15	14	15	15	14
28	61	88	28	61	88
18	19	18	18	19	18
29	69	90	29	69	90
33	23	33	33	23	33
13	15	12	13	15	12
13	15	14	13	15	14
117	127	109	117	127	109
12	15	12	12	15	12
11	13	11	11	13	11
26	28	24	26	28	24
27	70	103	27	70	103
16	23	18	16	23	18
14	16	14	14	16	14
15	16	14	15	16	14
122	133	111	122	133	111
17	31	53	17	31	53
113	127	107	113	127	107
22	25	21	22	25	21
15	17	15	15	17	15
28	61	87	28	61	87
25	27	23	25	27	23
25	51	77	25	51	77
13	14	13	13	14	13
16	15	15	16	15	15
14	14	13	14	14	13
13	16	15	13	16	15
32	84	114	32	84	114
187	208	181	187	208	181
14	16	15	14	16	15
11	15	13	11	15	13
13	16	12	13	16	12
20	22	20	20	22	20
158	181	165	158	181	165
16	18	14	16	18	14
12	14	12	12	14	12
27	31	26	27	31	26
17	17	16	17	17	16
112	125	107	112	125	107
30	83	114	30	83	114
15	16	12	15	16	12
0	0	0	0	0	0
28	60	80	28	60	80
15	16	16	15	16	16
117	129	110	117	129	110
15	18	13	15	18	13
119	130	109	119	130	109
13	14	12	13	14	12
24	39	57	24	39	57
50	55	49	50	55	49
13	15	11	13	15	11
14	12	13	14	12	13
14	14	14	14	14	14
12	13	13	12	13	13
29	69	98	29	69	98
34	99	123	34	99	123
14	16	14	14	16	14
23	54	80	23	54	80
33	80	108	33	80	108
16	16	16	16	16	16
26	28	27	26	28	27
15	15	14	15	15	14
0	0	0	0	0	0
12	14	13	12	14	13
38	106	134	38	106	134
25	47	68	25	47	68
29	57	79	29	57	79
20	20	19	20	20	19
26	54	76	26	54	76
32	79	104	32	79	104
24	28	25	24	28	25
32	78	105	32	78	105
32	85	110	32	85	110
15	16	14	15	16	14
24	46	70	24	46	70
17	19	14	17	19	14
26	30	26	26	30	26
117	128	111	117	128	111
20	24	21	20	24	21
114	127	108	114	127	108
30	79	111	30	79	111
32	79	98	32	79	98
25	57	82	25	57	82
30	28	27	30	28	27
16	19	16	16	19	16
120	131	110	120	131	110
15	17	16	15	17	16
14	15	14	14	15	14
21	22	23	21	22	23
61	122	133	61	122	133
38	114	144	38	114	144
15	17	15	15	17	15
14	17	16	14	17	16
154	145	117	154	145	117
13	15	14	13	15	14
43	119	142	43	119	142
27	66	97	27	66	97
67	75	67	67	75	67
0	0	0	0	0	0
52	130	152	52	130	152
15	17	15	15	17	15
27	58	86	27	58	86
120	131	112	120	131	112
15	16	12	15	16	12
26	58	87	26	58	87
31	85	110	31	85	110
14	16	13	14	16	13
27	63	93	27	63	93
12	16	13	12	16	13
12	15	12	12	15	12
14	17	15	14	17	15
186	170	123	186	170	123
28	38	37	28	38	37
29	67	87	29	67	87
13	17	15	13	17	15
26	28	27	26	28	27
31	77	106	31	77	106
14	16	14	14	16	14
22	35	53	22	35	53
29	80	112	29	80	112
221	238	136	221	238	136
30	73	103	30	73	103
15	16	14	15	16	14
44	52	49	44	52	49
46	55	50	46	55	50
16	17	13	16	17	13
13	16	13	13	16	13
16	20	17	16	20	17
13	13	13	13	13	13
14	16	13	14	16	13
15	17	15	15	17	15
11	13	13	11	13	13
13	16	13	13	16	13
39	59	66	39	59	66
22	51	81	22	51	81
27	55	80	27	55	80
14	16	14	14	16	14
17	28	33	17	28	33
17	31	31	17	31	31
15	18	14	15	18	14
11	13	12	11	13	12
78	88	76	78	88	76
16	18	15	16	18	15
10	14	12	10	14	12
14	16	14	14	16	14
26	45	66	26	45	66
14	17	13	14	17	13
76	98	104	76	98	104
16	18	16	16	18	16
117	128	110	117	128	110
15	18	15	15	18	15
30	81	114	30	81	114
26	60	88	26	60	88
26	61	88	26	61	88
25	56	88	25	56	88
28	73	102	28	73	102
15	16	16	15	16	16
22	40	62	22	40	62
17	19	18	17	19	18
17	18	14	17	18	14
17	19	17	17	19	17
18	19	19	18	19	19
23	48	73	23	48	73
28	76	109	28	76	109
12	15	14	12	15	14
15	15	14	15	15	14
14	15	15	14	15	15
14	15	13	14	15	13
25	63	96	25	63	96
11	13	11	11	13	11
18	22	18	18	22	18
13	14	11	13	14	11
29	70	102	29	70	102
29	73	103	29	73	103
21	30	38	21	30	38
15	18	14	15	18	14
119	131	111	119	131	111
16	17	13	16	17	13
15	16	13	15	16	13
32	63	83	32	63	83
14	15	14	14	15	14
119	131	112	119	131	112
15	17	15	15	17	15
22	33	50	22	33	50
116	128	108	116	128	108
13	15	13	13	15	13
11	12	11	11	12	11
13	13	12	13	13	12
27	53	75	27	53	75
79	87	78	79	87	78
14	15	14	14	15	14
25	45	66	25	45	66
20	22	18	20	22	18
50	55	49	50	55	49
67	76	67	67	76	67
117	131	111	117	131	111
14	14	13	14	14	13
13	15	12	13	15	12
21	22	19	21	22	19
153	151	118	153	151	118
13	16	12	13	16	12
23	53	80	23	53	80
22	37	57	22	37	57
15	18	13	15	18	13
41	54	52	41	54	52
47	125	149	47	125	149
24	37	59	24	37	59
22	34	51	22	34	51
222	237	138	222	237	138
31	69	97	31	69	97
33	92	118	33	92	118
28	25	21	28	25	21
15	17	16	15	17	16
23	41	61	23	41	61
47	55	86	47	55	86
14	16	14	14	16	14
14	15	15	14	15	15
28	76	110	28	76	110
26	56	87	26	56	87
27	32	35	27	32	35
116	126	109	116	126	109
30	29	20	30	29	20
29	66	91	29	66	91
21	34	55	21	34	55
15	16	13	15	16	13
12	13	12	12	13	12
