32	80	117	-1
12	13	13	-1
11	14	13	-1
24	55	85	-1
24	49	72	-1
20	45	64	-1
33	32	32	-1
24	52	73	-1
15	16	15	-1
13	14	14	-1
22	53	80	-1
30	69	91	-1
22	45	67	-1
137	154	137	-1
222	202	136	+1
21	43	71	-1
23	59	82	-1
25	56	83	-1
27	65	97	-1
18	26	31	-1
14	18	15	-1
31	88	111	-1
21	54	83	-1
23	49	75	-1
12	16	13	-1
24	47	73	+1
24	31	23	-1
21	44	69	-1
13	16	13	-1
25	63	92	-1
16	20	18	-1
14	15	15	-1
22	56	85	-1
29	73	109	-1
176	144	88	+1
193	172	120	+1
30	76	105	-1
14	15	14	-1
26	51	75	-1
25	65	99	-1
197	147	108	+1
25	45	64	-1
22	40	63	-1
38	71	101	-1
19	36	56	-1
14	19	17	-1
23	56	86	-1
16	27	33	-1
23	55	78	-1
26	54	71	-1
15	18	15	-1
29	68	102	-1
24	52	78	-1
12	14	13	-1
23	51	72	-1
23	49	80	-1
27	52	65	-1
23	50	75	-1
12	15	13	-1
29	70	104	-1
23	54	82	-1
20	44	65	-1
18	32	34	-1
22	21	28	-1
81	111	114	-1
12	16	15	-1
11	14	11	-1
23	44	71	-1
23	55	84	-1
11	14	13	-1
35	89	122	-1
22	46	71	-1
12	13	12	-1
16	19	18	-1
12	14	11	-1
68	106	95	+1
37	95	133	-1
23	48	74	-1
26	55	81	-1
28	62	91	-1
27	67	101	-1
23	55	79	-1
35	40	38	-1
13	18	18	-1
25	58	86	-1
13	17	16	-1
24	54	82	-1
60	69	61	-1
12	15	14	-1
23	54	76	-1
26	56	76	+1
173	197	179	-1
13	15	14	-1
152	172	88	+1
29	25	25	-1
17	18	18	-1
14	17	15	-1
14	15	16	-1
22	54	85	-1
12	15	13	-1
20	40	59	-1
23	53	79	-1
24	46	72	+1
14	16	15	-1
14	17	14	-1
156	132	92	+1
28	68	97	-1
15	18	14	-1
10	15	14	-1
29	73	108	-1
166	184	163	-1
202	185	127	+1
17	19	16	-1
11	14	13	-1
22	39	61	-1
22	38	51	-1
26	57	85	-1
237	240	226	-1
40	46	58	-1
21	42	68	-1
21	46	74	-1
18	23	26	-1
11	14	12	-1
29	78	111	-1
15	15	14	-1
39	91	121	-1
24	55	86	-1
12	13	12	-1
23	53	80	-1
24	56	80	-1
78	89	78	-1
47	67	83	-1
30	73	106	-1
13	15	14	-1
30	76	111	-1
23	46	67	-1
28	65	94	-1
28	70	103	-1
135	120	90	+1
23	50	80	-1
27	62	98	-1
165	120	78	+1
12	13	13	-1
144	107	77	+1
25	62	90	-1
14	18	16	-1
205	165	122	+1
22	52	77	-1
106	73	51	+1
19	46	73	-1
201	164	122	+1
27	70	104	-1
13	17	17	-1
23	51	77	-1
25	57	84	-1
25	61	93	-1
25	79	100	-1
22	37	52	-1
23	39	65	+1
22	46	72	-1
28	66	98	-1
240	240	240	-1
13	17	16	-1
12	14	13	-1
14	16	13	-1
24	53	72	-1
12	16	17	-1
23	48	75	-1
185	159	106	+1
12	14	12	-1
21	40	64	-1
14	16	14	-1
15	17	17	-1
181	160	106	+1
113	125	108	-1
25	47	71	-1
25	50	68	+1
15	15	12	-1
25	58	85	-1
22	50	75	-1
22	47	73	-1
24	51	73	-1
25	51	74	-1
24	58	79	-1
14	15	13	-1
22	42	70	-1
13	15	14	-1
28	31	26	-1
22	53	81	-1
51	69	96	-1
22	49	77	-1
26	68	101	-1
25	57	81	-1
23	54	78	-1
25	53	82	-1
168	109	83	+1
21	45	71	-1
24	52	76	-1
11	14	12	-1
80	178	193	-1
32	35	22	-1
12	15	13	-1
92	103	90	-1
29	71	101	-1
32	68	84	-1
27	58	85	-1
28	69	92	-1
17	21	19	-1
23	50	70	-1
18	47	72	-1
15	18	16	-1
28	48	70	+1
11	14	15	-1
45	51	50	-1
13	15	14	-1
25	53	77	-1
47	29	22	+1
14	18	17	-1
21	43	67	-1
32	56	71	+1
24	49	70	-1
151	107	71	+1
26	63	92	-1
29	55	75	-1
33	61	75	-1
15	18	15	-1
26	57	77	-1
20	35	50	-1
212	198	137	+1
26	52	75	+1
18	18	22	-1
185	191	185	-1
13	13	13	-1
135	120	88	+1
23	44	59	-1
20	44	66	-1
13	14	14	-1
14	18	18	-1
182	149	98	+1
176	145	94	+1
29	75	105	-1
215	200	137	+1
22	45	74	-1
25	57	86	-1
22	47	71	-1
11	13	12	-1
11	13	12	-1
31	75	109	-1
13	17	17	-1
24	59	79	-1
11	12	12	-1
159	118	78	+1
22	50	74	-1
23	48	74	+1
92	102	90	-1
11	14	12	-1
13	14	13	-1
31	37	40	-1
119	130	111	-1
16	18	16	-1
216	202	138	+1
168	146	103	+1
26	57	81	-1
22	49	76	-1
176	150	106	+1
134	154	137	-1
19	47	67	-1
28	74	108	-1
15	18	16	-1
35	82	119	-1
23	53	79	-1
22	48	72	-1
10	11	12	-1
31	85	120	-1
24	52	75	-1
15	17	15	-1
22	33	33	-1
19	34	52	-1
25	49	75	+1
13	16	13	-1
174	149	114	+1
12	14	14	-1
23	66	97	-1
27	69	104	-1
123	135	114	-1
168	130	93	+1
28	67	98	-1
22	53	77	-1
29	60	79	-1
32	77	111	-1
30	62	76	-1
24	57	84	-1
11	14	14	-1
24	52	76	-1
25	53	80	+1
120	133	113	-1
140	146	134	-1
25	39	59	-1
11	15	14	-1
15	17	16	-1
13	16	15	-1
27	74	105	-1
29	60	81	+1
25	58	93	-1
26	60	83	-1
15	16	14	-1
174	144	106	+1
18	34	51	-1
23	49	78	-1
36	40	37	-1
32	77	111	-1
11	14	13	-1
22	44	69	-1
161	103	76	+1
19	36	59	-1
26	62	96	-1
13	14	14	-1
13	14	14	-1
18	19	18	-1
15	18	17	-1
24	42	68	+1
18	32	50	-1
12	15	13	-1
203	185	127	+1
28	75	99	-1
185	159	115	+1
27	51	77	+1
26	60	87	-1
154	139	104	+1
22	51	78	-1
22	54	78	-1
23	54	80	-1
14	15	14	-1
27	57	79	-1
14	15	15	-1
23	52	83	-1
26	62	87	+1
23	53	80	-1
13	13	12	-1
17	22	17	-1
15	16	15	-1
12	13	13	-1
24	50	71	+1
26	58	88	-1
22	48	73	-1
12	14	13	-1
23	39	58	-1
210	196	134	+1
12	17	15	-1
180	152	102	+1
25	47	68	-1
12	13	13	-1
21	47	75	-1
18	19	15	-1
30	72	106	-1
31	78	113	-1
28	65	92	-1
26	59	85	-1
29	60	82	-1
25	62	97	-1
26	57	80	-1
224	208	143	+1
14	16	17	-1
32	61	87	-1
13	15	12	-1
28	76	109	-1
13	14	13	-1
171	140	93	+1
20	39	56	-1
22	44	69	-1
16	17	16	-1
26	68	96	-1
14	17	16	-1
120	131	111	-1
11	15	12	-1
28	74	106	-1
29	75	98	-1
23	47	75	-1
13	15	15	-1
22	50	74	-1
23	50	72	-1
35	84	117	-1
92	103	91	-1
25	58	89	-1
22	41	63	-1
23	58	90	-1
14	13	13	-1
114	126	107	-1
21	43	66	-1
17	19	16	-1
25	59	84	-1
30	79	113	-1
19	35	53	-1
14	14	15	-1
20	34	55	-1
28	67	99	-1
22	52	75	-1
15	19	18	-1
21	35	56	-1
16	17	15	-1
11	13	12	-1
45	34	28	-1
17	18	18	-1
26	63	93	-1
24	55	84	-1
34	93	128	-1
29	78	99	+1
27	58	92	-1
13	16	14	-1
26	59	89	-1
105	114	100	+1
12	14	11	-1
27	31	30	-1
34	71	93	-1
22	47	66	-1
26	72	103	-1
29	72	106	-1
12	15	13	-1
19	37	60	-1
34	101	137	-1
27	68	88	-1
27	52	74	-1
118	130	110	-1
131	100	79	+1
25	51	71	-1
13	19	20	-1
31	70	103	-1
25	54	71	-1
13	17	16	-1
28	70	100	-1
23	42	67	-1
29	77	112	-1
29	68	101	-1
11	13	13	-1
22	46	69	-1
17	27	44	-1
24	67	101	-1
12	14	12	-1
25	55	83	-1
12	17	17	-1
30	70	105	-1
12	20	22	-1
21	47	72	-1
131	104	78	+1
21	50	72	-1
41	61	71	-1
26	57	82	-1
27	42	64	-1
23	40	60	-1
27	68	103	-1
12	16	13	-1
20	45	67	-1
22	43	59	-1
26	55	79	-1
23	49	81	-1
23	48	71	-1
220	236	138	-1
171	136	92	+1
116	129	110	-1
29	66	97	-1
26	57	85	-1
14	15	14	-1
18	35	57	-1
26	61	87	-1
24	57	86	-1
21	48	76	-1
215	202	140	+1
11	15	12	-1
14	15	14	-1
17	19	18	-1
40	112	145	-1
20	39	62	-1
24	27	23	-1
15	17	15	-1
23	60	93	-1
14	17	14	-1
44	49	42	-1
24	51	65	-1
21	45	68	-1
51	56	50	-1
25	59	84	-1
24	54	79	-1
25	36	33	-1
25	61	93	-1
23	34	33	-1
22	20	18	-1
22	46	72	-1
22	44	65	-1
51	57	49	-1
12	14	13	-1
191	144	106	+1
21	44	64	-1
26	74	104	-1
23	41	62	-1
29	70	94	-1
11	13	12	-1
22	52	77	-1
30	78	105	-1
29	85	118	-1
169	140	89	+1
32	52	68	+1
29	74	107	-1
14	17	15	-1
118	130	110	-1
28	72	99	-1
22	44	63	-1
26	56	78	-1
18	32	49	-1
122	137	121	-1
27	67	104	-1
14	17	13	-1
25	64	93	-1
13	15	15	-1
29	65	82	-1
30	69	104	-1
15	15	15	-1
24	59	93	-1
25	53	78	-1
19	28	44	-1
11	14	13	-1
12	15	13	-1
180	164	117	+1
168	129	85	+1
17	17	18	-1
11	15	14	-1
21	45	66	-1
33	58	71	+1
35	88	108	-1
19	36	57	-1
23	52	79	-1
15	18	14	-1
27	60	86	-1
25	49	74	-1
14	16	13	-1
156	123	74	+1
13	15	12	-1
15	17	14	-1
24	60	83	-1
24	54	77	+1
31	75	103	-1
15	18	13	-1
25	54	86	-1
115	128	107	-1
11	15	13	-1
22	44	71	-1
15	18	17	-1
93	98	85	-1
40	98	113	-1
14	17	17	-1
15	17	14	-1
15	17	16	-1
23	58	79	-1
23	49	75	-1
24	59	87	-1
21	49	74	-1
36	46	46	-1
24	55	86	-1
21	48	69	-1
214	194	129	+1
12	13	13	-1
30	63	83	+1
13	17	16	-1
22	48	77	-1
20	40	61	-1
24	44	59	-1
30	71	107	-1
12	15	15	-1
30	58	78	+1
25	58	89	-1
31	80	117	-1
22	29	30	-1
20	41	67	-1
26	58	89	-1
104	112	99	+1
28	51	72	-1
24	55	81	-1
21	44	67	-1
192	168	113	+1
22	45	68	-1
20	23	20	-1
17	19	18	-1
11	13	13	-1
30	82	112	-1
13	15	14	-1
29	71	95	-1
14	16	15	-1
22	52	76	-1
25	60	88	-1
25	63	93	-1
20	35	50	-1
171	133	87	+1
22	45	72	-1
29	70	100	-1
31	77	108	-1
23	50	76	-1
29	75	106	-1
25	44	66	+1
25	51	72	-1
169	141	104	+1
13	16	15	-1
14	25	36	-1
12	14	13	-1
37	90	124	-1
25	60	76	-1
25	50	73	-1
27	71	105	-1
26	41	62	-1
23	54	84	-1
20	36	54	-1
194	163	115	+1
22	46	70	-1
23	53	77	-1
18	39	54	-1
24	58	76	-1
25	65	95	-1
28	68	100	-1
25	57	89	-1
13	18	14	-1
22	47	72	-1
26	55	79	-1
21	50	79	-1
26	61	95	-1
33	102	129	-1
29	84	118	-1
25	47	73	-1
15	17	17	-1
27	62	87	-1
22	44	71	-1
29	71	100	-1
24	39	53	+1
28	71	93	-1
22	54	82	-1
24	50	78	-1
23	39	60	-1
24	47	73	-1
79	89	78	-1
12	15	13	-1
12	15	14	-1
22	50	79	-1
21	46	69	-1
33	83	118	-1
20	43	69	-1
12	14	10	-1
27	55	75	-1
24	59	83	-1
27	62	95	-1
33	82	117	-1
16	19	16	-1
23	44	68	-1
223	207	143	+1
18	36	58	-1
25	44	67	-1
171	137	86	+1
13	14	13	-1
16	18	16	-1
22	43	69	-1
25	62	95	-1
22	52	79	-1
14	16	14	-1
21	49	80	-1
13	15	13	-1
21	46	67	-1
0	0	0	-1
13	15	14	-1
26	52	77	+1
24	57	80	-1
118	128	108	-1
18	20	18	-1
14	15	14	-1
19	46	67	-1
170	137	88	+1
24	51	84	-1
15	18	16	-1
28	65	86	-1
24	49	76	-1
26	55	81	+1
23	48	74	-1
21	38	63	-1
196	172	116	+1
176	167	131	+1
19	37	54	-1
21	54	87	-1
121	132	113	-1
153	170	94	-1
240	240	240	-1
171	100	74	+1
23	52	79	-1
15	18	15	-1
13	19	13	-1
23	48	69	-1
20	33	48	-1
32	92	114	-1
25	49	70	-1
11	12	12	-1
25	51	63	-1
25	53	82	-1
120	133	113	-1
29	63	92	-1
23	53	81	-1
115	129	109	-1
62	141	155	-1
28	61	77	-1
218	205	138	+1
21	47	73	-1
12	14	14	-1
19	26	37	+1
23	45	68	-1
25	62	95	-1
30	54	73	-1
28	66	99	-1
12	13	14	-1
23	53	82	-1
25	53	80	-1
34	43	44	-1
23	43	67	-1
23	51	78	-1
0	0	0	-1
27	69	101	-1
14	15	13	-1
32	62	78	+1
23	51	77	-1
14	18	15	-1
104	127	109	-1
26	56	75	-1
174	139	109	+1
15	22	18	-1
32	76	107	-1
13	14	12	-1
188	155	116	+1
23	62	93	-1
28	72	106	-1
137	189	191	-1
23	48	75	-1
23	58	84	-1
12	15	12	-1
21	51	73	-1
12	14	13	-1
21	44	69	-1
43	117	154	-1
15	15	13	-1
161	135	91	+1
22	42	64	-1
178	133	97	+1
23	50	74	-1
15	18	15	-1
17	18	18	-1
23	38	58	-1
19	39	58	-1
16	19	18	-1
15	17	14	-1
26	57	79	+1
22	39	58	-1
28	59	80	-1
21	40	58	-1
18	32	49	-1
21	41	61	-1
208	189	128	+1
33	71	88	-1
30	56	74	-1
13	17	14	-1
15	16	14	-1
25	47	70	+1
21	48	78	-1
24	59	89	-1
14	17	15	-1
15	18	17	-1
16	18	17	-1
28	70	100	-1
9	13	17	-1
19	20	17	-1
29	58	81	-1
12	15	14	-1
25	61	94	-1
22	45	64	-1
20	32	51	-1
30	58	83	+1
36	68	84	+1
23	48	70	-1
24	53	74	-1
173	155	111	+1
21	24	22	-1
27	67	99	-1
16	18	17	-1
196	176	126	+1
25	53	76	+1
25	55	83	-1
177	152	105	+1
121	132	111	-1
21	51	83	-1
14	18	16	-1
21	41	65	-1
13	16	14	-1
13	15	14	-1
14	18	17	-1
24	60	90	-1
22	54	82	-1
21	49	74	-1
23	46	73	-1
21	43	65	-1
25	48	72	-1
18	24	20	-1
39	90	111	-1
24	61	86	-1
32	73	100	-1
88	164	177	-1
14	17	14	-1
13	16	14	-1
24	27	24	-1
23	49	64	-1
25	70	102	-1
24	56	80	-1
14	15	14	-1
14	16	14	-1
31	66	90	-1
13	16	15	-1
12	15	14	-1
26	52	69	-1
13	15	14	-1
25	64	97	-1
21	47	70	-1
24	51	80	-1
34	56	80	-1
24	29	24	-1
12	15	16	-1
19	24	17	-1
25	55	82	-1
28	61	77	-1
209	147	110	+1
14	15	13	-1
25	53	79	+1
14	17	13	-1
30	54	78	-1
23	62	91	-1
14	15	14	-1
32	84	122	-1
25	54	77	+1
23	52	74	-1
19	39	60	-1
24	50	69	-1
26	59	81	-1
26	59	80	-1
27	61	85	-1
22	42	64	-1
27	68	101	-1
22	48	70	-1
24	45	71	+1
40	111	146	-1
16	24	28	-1
169	131	84	+1
27	57	77	-1
27	62	92	-1
17	22	24	-1
24	53	69	-1
17	23	15	-1
22	47	73	-1
13	16	15	-1
22	51	81	-1
12	16	14	-1
23	50	69	-1
14	16	14	-1
23	45	59	-1
14	15	15	-1
25	51	69	-1
25	58	90	-1
129	171	172	-1
147	155	103	-1
21	51	75	-1
13	17	15	-1
117	132	113	-1
121	133	114	-1
11	15	13	-1
23	53	81	-1
29	16	15	-1
34	65	82	+1
29	74	109	-1
26	27	24	-1
13	16	12	-1
28	63	85	-1
25	47	63	-1
26	48	69	-1
23	49	73	-1
14	16	16	-1
30	73	109	-1
26	58	91	-1
38	93	130	-1
14	16	17	-1
22	50	77	-1
12	13	13	-1
19	40	63	-1
16	19	18	-1
17	19	17	-1
35	89	122	-1
26	50	68	+1
22	54	87	-1
30	82	111	-1
228	240	143	-1
153	91	66	+1
25	63	92	-1
25	60	89	-1
44	103	114	+1
15	19	17	-1
11	14	12	-1
22	46	65	-1
12	15	12	-1
20	44	66	-1
27	65	98	-1
28	66	94	-1
21	45	66	-1
42	114	150	-1
23	42	63	-1
17	21	18	-1
16	18	16	-1
23	45	71	-1
22	53	83	-1
26	65	100	-1
24	46	68	+1
15	19	18	-1
22	46	73	-1
15	17	15	-1
194	155	96	+1
22	50	77	-1
14	18	17	-1
33	81	116	-1
26	54	78	+1
25	48	73	+1
15	18	20	-1
25	58	85	-1
22	46	71	-1
25	41	62	-1
24	53	80	-1
24	55	84	-1
25	58	84	-1
24	56	80	-1
25	60	90	-1
11	15	12	-1
15	19	17	-1
24	55	79	-1
23	51	78	-1
184	146	94	+1
32	80	113	-1
26	62	90	-1
23	55	90	-1
31	74	107	-1
25	56	89	-1
188	151	106	+1
30	73	101	-1
14	17	16	-1
31	71	86	-1
20	23	24	-1
18	20	18	-1
29	74	109	-1
24	54	73	-1
26	55	81	-1
12	14	12	-1
180	157	97	+1
41	108	140	-1
12	15	14	-1
26	45	66	-1
25	58	88	-1
26	55	79	+1
29	72	104	-1
12	14	11	-1
173	128	81	+1
25	60	87	-1
23	43	67	+1
23	53	75	-1
28	70	106	-1
12	16	14	-1
23	62	95	-1
25	57	85	-1
13	15	13	-1
16	18	16	-1
117	126	108	-1
14	17	14	-1
23	47	68	-1
13	15	13	-1
16	18	16	-1
27	70	99	-1
11	13	12	-1
32	81	111	-1
24	56	85	-1
117	129	110	-1
25	35	29	-1
21	43	70	-1
12	13	12	-1
40	100	132	-1
20	42	68	-1
202	170	101	+1
14	16	15	-1
83	170	188	-1
23	52	79	-1
24	62	84	-1
25	54	79	-1
27	76	107	-1
176	140	101	+1
23	50	72	-1
181	158	109	+1
146	187	189	-1
13	15	15	-1
22	48	75	-1
164	118	75	+1
38	97	131	-1
23	45	68	-1
26	67	96	-1
117	130	111	-1
33	71	101	-1
14	15	14	-1
14	16	14	-1
14	17	14	-1
26	58	81	-1
195	163	106	+1
28	63	92	-1
28	75	108	-1
184	157	106	+1
165	152	110	+1
23	48	69	-1
22	50	74	-1
15	17	17	-1
29	69	96	-1
22	48	66	-1
12	14	14	-1
21	39	53	-1
28	72	103	-1
206	191	129	+1
23	52	79	-1
17	19	17	-1
21	43	71	-1
31	60	86	-1
21	44	71	-1
200	185	130	+1
26	62	87	-1
22	52	71	-1
21	51	78	-1
37	103	129	-1
29	63	91	-1
22	38	61	-1
23	48	71	-1
15	17	16	-1
25	62	95	-1
13	16	16	-1
19	42	62	-1
221	207	144	+1
24	59	87	-1
205	185	126	+1
27	74	106	-1
29	86	118	-1
27	58	80	-1
221	239	141	-1
15	16	16	-1
13	15	13	-1
12	15	13	-1
25	56	84	-1
29	68	104	-1
27	74	109	-1
30	38	57	-1
22	43	62	-1
26	28	26	-1
12	13	11	-1
34	100	127	-1
15	19	17	-1
14	15	13	-1
13	15	13	-1
17	43	48	-1
41	112	137	-1
160	126	86	+1
22	42	67	-1
22	47	68	-1
13	15	14	-1
18	23	21	-1
24	57	86	-1
28	72	108	-1
33	55	69	-1
12	14	11	-1
17	19	18	-1
15	18	17	-1
22	47	74	-1
20	34	48	-1
13	15	13	-1
30	77	110	-1
15	18	22	-1
14	16	16	-1
26	63	86	-1
22	45	68	-1
29	79	111	-1
23	55	68	-1
23	53	82	-1
15	18	17	-1
22	32	34	-1
29	73	107	-1
25	46	71	+1
12	14	13	-1
23	42	58	-1
25	61	94	-1
40	54	69	-1
22	47	72	-1
13	14	13	-1
19	37	62	-1
13	14	13	-1
172	162	123	+1
27	73	101	-1
20	36	59	-1
19	33	50	-1
25	44	69	+1
16	20	18	-1
23	61	93	-1
23	58	87	-1
17	18	13	-1
15	15	14	-1
20	42	64	-1
11	15	12	-1
12	16	15	-1
11	13	12	-1
112	125	107	-1
31	77	98	-1
27	57	82	-1
14	16	14	-1
23	46	75	-1
11	14	14	-1
180	155	105	+1
114	127	107	-1
26	67	96	-1
162	130	85	+1
12	15	13	-1
24	55	72	-1
13	18	17	-1
55	97	113	-1
22	50	74	-1
14	18	15	-1
14	16	15	-1
23	55	87	-1
23	51	71	-1
11	14	13	-1
23	52	79	-1
171	164	124	+1
30	92	125	-1
26	64	88	-1
15	21	26	-1
21	46	72	-1
195	169	112	+1
166	123	80	+1
22	34	33	-1
16	16	16	-1
31	60	76	-1
22	42	68	-1
24	52	73	-1
14	19	18	-1
25	53	74	-1
23	61	89	-1
12	15	13	-1
12	16	17	-1
24	62	95	-1
23	47	70	-1
14	18	16	-1
21	26	19	-1
11	12	13	-1
32	92	120	-1
28	48	56	+1
32	80	115	-1
15	17	16	-1
0	0	0	-1
12	14	13	-1
24	53	79	-1
17	29	36	-1
21	37	56	-1
24	47	66	-1
203	186	131	+1
21	48	77	-1
12	15	13	-1
25	50	72	-1
14	17	16	-1
15	16	15	-1
20	40	62	-1
26	59	84	+1
11	13	13	-1
23	21	37	-1
15	15	15	-1
24	58	87	-1
202	182	128	+1
26	45	69	-1
29	73	101	-1
12	15	13	-1
22	44	70	-1
12	16	14	-1
26	54	79	+1
22	42	65	-1
22	47	76	-1
11	14	12	-1
12	15	13	-1
13	16	14	-1
24	47	69	-1
24	59	86	-1
23	26	24	-1
17	17	17	-1
19	40	58	-1
26	61	90	-1
13	21	25	-1
14	16	14	-1
21	50	77	-1
23	46	71	-1
14	16	14	-1
25	55	84	-1
121	132	113	-1
13	15	14	-1
25	59	83	-1
29	53	75	-1
32	76	109	-1
27	58	77	+1
22	50	74	-1
135	111	93	-1
17	21	15	-1
24	61	90	-1
22	39	50	-1
38	96	133	-1
221	237	134	-1
16	20	15	-1
24	62	88	-1
20	42	64	-1
12	14	12	-1
22	50	79	-1
26	66	99	-1
118	94	68	+1
102	162	172	-1
185	153	113	+1
97	130	143	+1
24	55	85	-1
221	239	138	-1
22	21	24	-1
20	38	64	-1
27	62	91	-1
29	70	103	-1
25	49	73	+1
13	15	13	-1
21	47	72	-1
21	45	77	-1
35	32	31	-1
55	96	111	-1
14	17	15	-1
202	172	110	+1
25	37	61	-1
171	135	91	+1
12	16	14	-1
33	74	103	-1
121	132	110	-1
21	42	57	-1
11	14	12	-1
22	54	76	-1
29	80	111	-1
12	14	12	-1
24	57	81	-1
13	17	13	-1
13	14	13	-1
23	53	80	-1
15	16	16	-1
21	42	67	-1
21	52	76	-1
20	45	70	-1
28	68	97	-1
225	215	149	+1
22	45	73	-1
162	130	93	+1
14	16	15	-1
217	239	211	-1
11	16	14	-1
14	16	14	-1
28	70	107	-1
25	63	87	-1
28	66	94	-1
26	28	23	+1
29	69	105	-1
52	143	167	-1
27	51	62	-1
122	134	113	-1
34	87	121	-1
31	77	109	-1
24	56	79	-1
29	23	38	-1
24	54	79	-1
17	19	15	-1
23	51	82	-1
22	43	73	-1
24	43	70	-1
11	14	13	-1
22	47	65	-1
15	17	16	-1
12	15	12	-1
30	70	94	-1
24	60	91	-1
167	146	109	+1
15	18	21	-1
27	52	74	+1
111	173	179	-1
14	18	18	-1
29	50	72	+1
24	58	88	-1
22	49	74	-1
28	85	109	-1
22	54	80	-1
23	50	76	-1
26	55	77	-1
122	134	114	-1
23	49	78	-1
12	14	13	-1
24	51	67	-1
12	15	16	-1
24	54	79	-1
25	46	72	+1
24	51	67	-1
37	99	116	-1
23	39	56	-1
23	48	74	-1
13	15	12	-1
14	17	16	-1
31	76	110	-1
21	56	79	-1
39	37	33	-1
29	56	75	-1
158	138	98	+1
14	16	14	-1
18	38	60	-1
21	45	68	-1
26	41	35	-1
14	16	15	-1
28	60	82	+1
16	18	17	-1
12	13	11	-1
14	18	18	-1
20	41	66	-1
24	56	77	-1
14	15	13	-1
26	61	92	-1
26	59	82	+1
28	53	77	-1
21	44	64	-1
12	16	15	-1
21	40	62	-1
30	74	111	-1
14	15	14	-1
26	70	104	-1
37	44	25	-1
30	67	96	-1
24	54	83	-1
19	41	62	-1
21	49	80	-1
27	51	64	-1
33	47	67	-1
22	50	69	-1
12	14	13	-1
19	44	70	-1
21	45	70	-1
19	42	67	-1
14	17	14	-1
187	152	99	+1
15	14	14	-1
180	145	93	+1
109	184	190	-1
18	31	44	-1
153	201	200	-1
149	130	94	+1
16	18	16	-1
25	52	68	+1
28	73	104	-1
11	19	21	-1
23	50	74	-1
23	52	84	-1
25	45	67	+1
178	134	84	+1
159	143	104	+1
29	32	29	-1
23	41	65	-1
30	77	113	-1
28	57	81	+1
12	15	13	-1
22	46	73	-1
26	32	34	-1
189	180	134	+1
27	61	87	-1
24	40	63	-1
12	13	13	-1
17	17	16	-1
24	58	86	-1
16	17	15	-1
197	166	110	+1
25	43	61	-1
23	51	76	-1
25	49	73	-1
25	54	86	-1
25	58	83	+1
13	17	18	-1
23	54	79	-1
22	53	83	-1
26	76	105	-1
55	97	112	-1
15	16	13	-1
23	51	78	-1
26	71	97	-1
26	51	75	-1
25	56	77	-1
27	58	85	-1
15	19	15	-1
31	43	27	-1
23	54	83	-1
212	198	137	+1
29	68	103	-1
114	126	108	-1
20	47	73	-1
29	73	110	-1
26	62	87	-1
15	17	15	-1
14	18	18	-1
29	57	74	-1
14	15	15	-1
32	84	122	-1
30	68	94	-1
25	59	91	-1
25	49	75	+1
11	16	13	-1
21	44	71	-1
30	60	90	-1
32	78	110	-1
29	74	109	-1
34	79	109	-1
210	195	134	+1
22	51	77	-1
32	73	101	-1
13	16	13	-1
22	48	72	-1
23	55	78	-1
27	64	96	-1
26	62	85	-1
14	16	14	-1
141	107	80	+1
23	40	63	+1
35	70	87	+1
21	43	59	-1
23	51	80	-1
14	18	15	-1
202	184	128	+1
25	46	69	+1
23	51	78	-1
22	47	69	-1
22	52	81	-1
23	55	82	-1
22	51	70	-1
13	16	15	-1
14	17	13	-1
29	68	98	-1
14	18	15	-1
24	27	24	-1
24	54	80	-1
14	14	14	-1
23	48	69	-1
14	17	14	-1
22	50	73	-1
220	198	135	+1
25	58	86	-1
11	15	15	-1
24	47	67	-1
25	52	68	+1
45	89	94	+1
13	14	12	-1
28	75	112	-1
28	73	108	-1
21	44	66	-1
22	50	74	-1
25	54	74	+1
22	51	70	-1
15	15	14	-1
33	81	114	-1
24	52	76	-1
13	13	13	-1
28	57	78	-1
12	15	15	-1
26	55	83	-1
91	102	90	-1
28	69	101	-1
24	51	80	-1
21	45	70	-1
24	54	80	-1
31	86	125	-1
23	51	78	-1
116	129	108	-1
25	59	85	-1
178	169	121	+1
93	68	49	+1
22	52	78	-1
13	19	18	-1
26	40	57	-1
26	52	76	-1
11	16	15	-1
13	17	15	-1
32	58	74	+1
23	49	72	-1
115	126	108	-1
23	24	23	-1
15	19	15	-1
12	14	13	-1
14	16	14	-1
119	130	111	-1
14	16	12	-1
11	13	10	-1
223	239	142	-1
164	131	99	+1
23	54	84	-1
37	97	131	-1
24	53	77	-1
22	51	80	-1
15	19	18	-1
22	45	72	-1
20	49	72	-1
153	128	86	+1
16	19	18	-1
13	16	14	-1
37	111	135	-1
14	16	15	-1
13	15	15	-1
25	51	78	-1
27	53	65	-1
29	72	106	-1
13	16	15	-1
12	13	13	-1
26	63	92	-1
21	46	75	-1
22	50	69	-1
27	73	100	-1
28	69	94	-1
16	17	14	-1
19	23	20	-1
42	109	142	-1
116	126	106	-1
21	43	71	-1
25	59	83	-1
29	72	101	-1
29	69	92	-1
49	57	51	-1
184	144	109	+1
96	68	51	+1
22	41	54	-1
24	50	74	-1
20	37	61	-1
32	71	95	-1
22	47	70	-1
21	45	65	-1
118	133	114	-1
24	54	76	-1
119	132	112	-1
22	46	72	-1
68	78	67	-1
51	54	47	-1
24	59	87	-1
24	60	89	-1
13	18	17	-1
12	14	13	-1
19	33	49	-1
31	85	117	-1
13	13	13	-1
21	48	75	-1
12	14	12	-1
28	67	103	-1
30	75	110	-1
26	59	86	-1
25	67	96	-1
14	18	16	-1
25	41	60	-1
25	73	101	-1
12	14	13	-1
142	120	88	+1
24	47	73	-1
15	19	16	-1
11	14	13	-1
22	47	70	-1
21	46	71	-1
24	64	94	-1
52	92	132	-1
239	239	233	-1
239	239	239	-1
20	39	51	-1
99	118	105	+1
27	62	88	-1
25	46	70	+1
14	17	15	-1
14	17	14	-1
21	47	71	-1
134	111	83	+1
13	15	13	-1
46	61	55	-1
53	58	51	-1
22	50	79	-1
35	32	38	-1
13	15	12	-1
29	54	75	+1
22	43	66	+1
22	48	73	-1
177	153	98	+1
21	47	70	-1
217	201	140	+1
23	58	90	-1
22	42	67	-1
32	56	73	-1
12	13	13	-1
13	15	13	-1
21	44	63	-1
35	40	48	-1
11	14	14	-1
140	157	139	-1
23	49	77	-1
24	59	93	-1
24	51	81	-1
20	39	63	-1
25	49	75	+1
33	83	114	-1
19	25	30	-1
14	16	13	-1
13	16	13	-1
21	43	68	-1
27	70	102	-1
26	66	93	-1
15	21	16	-1
183	152	109	+1
117	129	110	-1
24	56	86	-1
14	17	15	-1
21	44	64	-1
23	24	23	-1
24	45	66	-1
24	62	91	-1
50	106	135	-1
19	41	65	-1
25	45	71	+1
22	52	76	-1
24	25	24	-1
183	147	93	+1
39	115	146	-1
19	34	52	-1
21	53	83	-1
15	16	15	-1
25	47	64	-1
11	15	14	-1
21	50	76	-1
170	131	92	+1
24	52	83	-1
34	43	43	-1
23	53	76	-1
189	209	184	-1
21	47	67	-1
16	19	15	-1
14	17	17	-1
24	51	76	-1
37	71	76	+1
24	51	76	-1
23	52	84	-1
16	19	19	-1
30	30	35	-1
12	14	13	-1
12	15	14	-1
26	72	106	-1
24	52	78	-1
22	40	62	-1
22	50	79	-1
15	18	17	-1
23	52	83	-1
24	48	68	-1
25	69	98	-1
24	46	67	-1
26	60	91	-1
24	45	70	-1
17	20	21	-1
21	48	76	-1
14	17	15	-1
25	53	81	-1
29	76	109	-1
12	14	13	-1
14	17	16	-1
14	18	18	-1
90	125	151	-1
23	42	63	-1
31	34	31	-1
24	54	77	-1
165	141	101	+1
18	33	49	-1
27	60	93	-1
13	17	15	-1
26	54	76	-1
172	147	98	+1
28	71	104	-1
137	127	91	-1
22	25	22	-1
31	55	72	-1
21	42	67	-1
28	66	92	-1
12	14	12	-1
22	49	75	-1
169	143	100	+1
28	56	77	-1
37	31	29	-1
24	57	83	-1
20	42	65	-1
26	47	73	+1
24	50	82	-1
13	18	13	-1
30	50	71	-1
24	43	66	-1
28	63	84	-1
12	14	13	-1
11	13	11	-1
13	14	13	-1
20	50	72	-1
22	53	82	-1
23	46	61	-1
22	55	77	-1
21	48	70	-1
14	17	15	-1
15	17	14	-1
15	19	19	-1
20	23	21	-1
26	48	68	-1
15	17	14	-1
23	42	66	-1
26	40	64	-1
21	48	70	-1
23	26	24	-1
25	60	83	-1
165	141	98	+1
196	151	91	+1
25	51	70	-1
23	53	81	-1
25	51	75	+1
25	27	24	-1
21	40	53	-1
24	52	81	-1
22	38	63	-1
24	42	63	+1
24	51	75	-1
20	46	68	-1
166	220	213	-1
36	113	144	-1
22	43	67	-1
24	59	88	-1
27	71	101	-1
22	53	76	-1
25	66	95	-1
16	19	18	-1
29	75	110	-1
20	42	65	-1
13	15	15	-1
27	47	60	-1
136	121	89	+1
23	47	69	-1
23	51	80	-1
16	20	19	-1
28	66	95	-1
26	50	68	-1
24	49	75	-1
30	80	115	-1
24	43	64	-1
25	49	73	-1
11	14	12	-1
21	52	75	-1
191	168	111	+1
121	134	113	-1
23	48	74	-1
18	31	45	-1
25	61	91	-1
24	58	80	-1
28	76	109	-1
24	47	67	-1
26	59	86	-1
26	49	70	-1
60	67	60	-1
44	28	35	-1
122	124	118	-1
90	102	90	-1
30	59	76	+1
15	17	15	-1
13	16	14	-1
27	62	80	-1
26	28	25	-1
26	56	88	-1
14	17	15	-1
28	63	92	-1
47	74	75	-1
173	143	106	+1
16	25	30	-1
14	14	15	-1
28	49	64	+1
15	23	29	-1
24	52	76	-1
24	56	77	-1
26	44	66	+1
13	16	14	-1
32	64	78	-1
15	16	15	-1
225	209	146	+1
29	77	106	-1
11	13	12	-1
30	74	108	-1
22	43	60	-1
23	49	73	-1
69	172	192	-1
25	58	85	-1
21	41	62	-1
30	77	111	-1
34	85	117	-1
120	130	110	-1
12	13	12	-1
142	158	138	-1
14	18	18	-1
12	14	13	-1
24	54	81	-1
11	15	12	-1
16	26	30	-1
23	39	62	-1
204	188	130	+1
25	55	82	-1
23	49	73	-1
20	49	73	-1
22	48	72	-1
25	56	82	-1
28	71	99	-1
22	53	75	-1
11	15	13	-1
29	58	84	-1
122	134	113	-1
12	15	13	-1
13	17	16	-1
26	67	96	-1
23	60	91	-1
30	74	107	-1
12	15	13	-1
27	56	83	-1
26	52	76	+1
24	54	80	-1
12	13	14	-1
61	64	41	-1
13	17	14	-1
25	58	88	-1
20	38	53	-1
11	13	12	-1
39	97	131	-1
21	48	69	-1
120	131	112	-1
13	16	13	-1
34	75	108	-1
25	52	76	-1
11	14	13	-1
44	62	42	-1
25	48	74	-1
25	51	78	-1
24	49	76	-1
25	51	77	-1
26	50	74	-1
25	61	92	-1
27	73	97	-1
24	45	65	-1
120	132	111	-1
209	190	128	+1
12	12	12	-1
20	24	21	-1
23	52	81	-1
15	24	29	-1
32	69	92	-1
23	60	83	-1
21	37	50	-1
20	42	62	-1
20	28	42	-1
217	200	133	+1
228	241	145	-1
13	14	14	-1
25	31	22	-1
114	126	107	-1
27	66	102	-1
35	87	120	-1
25	54	79	-1
23	57	84	-1
24	46	60	+1
13	15	15	-1
14	16	13	-1
13	15	13	-1
21	39	64	-1
233	240	227	-1
24	56	90	-1
23	26	24	-1
21	42	58	-1
20	35	57	-1
23	52	77	-1
13	18	15	-1
22	47	69	-1
27	67	100	-1
23	55	79	-1
13	15	15	-1
31	72	107	-1
27	30	28	-1
26	69	98	-1
12	12	12	-1
22	54	81	-1
21	49	78	-1
12	15	14	-1
22	40	64	-1
30	67	88	-1
173	136	85	+1
15	19	17	-1
12	15	12	-1
13	16	14	-1
35	90	124	-1
13	15	14	-1
12	14	13	-1
28	67	99	-1
24	59	91	-1
31	78	106	-1
24	57	78	-1
22	43	65	-1
24	51	80	-1
19	39	67	-1
15	17	16	-1
119	131	111	-1
169	135	93	+1
26	58	82	-1
118	129	111	-1
23	50	79	-1
37	95	129	-1
218	240	211	-1
26	57	88	-1
13	16	14	-1
24	46	64	-1
22	48	70	-1
12	15	13	-1
11	14	12	-1
25	33	27	-1
28	66	91	-1
30	92	126	-1
11	14	13	-1
203	188	131	+1
121	134	113	-1
14	14	14	-1
20	48	77	-1
22	49	72	-1
43	109	134	-1
27	67	97	-1
204	154	117	+1
13	15	13	-1
119	132	112	-1
12	14	14	-1
27	51	77	+1
26	61	82	-1
42	102	132	-1
26	57	91	-1
24	51	77	-1
19	23	20	-1
27	62	90	-1
22	47	73	-1
13	15	14	-1
22	49	70	-1
24	53	83	-1
165	125	83	+1
23	53	79	-1
165	127	87	+1
27	53	78	+1
24	56	86	-1
11	12	12	-1
32	81	113	-1
31	67	87	-1
24	47	72	-1
25	57	88	-1
25	58	90	-1
13	16	12	-1
20	33	51	-1
20	45	66	-1
14	18	18	-1
41	59	82	-1
22	47	78	-1
34	109	136	-1
118	129	111	-1
12	14	13	-1
29	71	93	-1
11	14	11	-1
20	39	59	-1
20	26	34	-1
26	62	87	+1
15	18	14	-1
23	44	68	-1
15	17	16	-1
13	16	13	-1
23	43	64	-1
15	18	17	-1
21	48	72	-1
25	52	82	-1
13	16	14	-1
23	44	64	-1
24	42	63	-1
14	18	19	-1
27	47	65	-1
34	68	77	-1
26	55	80	+1
174	138	101	+1
64	100	115	-1
115	74	52	+1
24	48	69	-1
27	71	102	-1
25	62	88	-1
31	58	40	-1
23	46	70	-1
18	34	56	-1
13	16	12	-1
28	55	75	-1
12	14	13	-1
23	49	80	-1
22	45	73	-1
115	129	109	-1
40	97	130	-1
28	52	74	+1
24	46	70	+1
168	144	103	+1
88	72	42	-1
22	47	66	-1
33	32	28	-1
28	69	103	-1
12	15	13	-1
25	57	83	-1
175	148	100	+1
34	25	44	-1
20	45	68	-1
35	80	113	-1
26	59	81	-1
22	42	66	-1
13	16	14	-1
13	15	16	-1
17	23	28	-1
185	155	103	+1
16	18	17	-1
21	28	39	+1
22	50	72	-1
24	52	80	-1
23	47	70	-1
26	62	88	-1
12	14	13	-1
14	17	16	-1
172	144	99	+1
23	49	71	-1
119	131	111	-1
24	60	85	-1
26	26	25	-1
26	52	80	-1
21	37	60	-1
13	15	12	-1
146	110	76	+1
14	16	12	-1
22	39	63	+1
23	52	80	-1
170	137	91	+1
23	47	66	-1
24	25	22	+1
17	18	15	-1
24	27	26	-1
18	21	16	-1
24	54	77	-1
24	47	75	-1
15	17	15	-1
24	54	81	-1
19	41	63	-1
15	17	18	-1
26	50	65	-1
20	36	55	-1
13	17	14	-1
30	35	32	-1
24	59	91	-1
24	44	64	-1
13	17	15	-1
24	56	78	-1
25	57	76	-1
23	54	81	-1
16	18	16	-1
31	83	115	-1
24	54	83	-1
21	47	75	-1
19	38	53	-1
27	65	98	-1
16	21	21	-1
18	33	47	-1
13	15	14	-1
11	16	13	-1
25	61	90	-1
176	147	109	+1
26	34	37	+1
32	69	90	-1
23	52	80	-1
28	64	93	-1
11	13	14	-1
27	20	15	-1
24	47	73	-1
216	204	140	+1
24	43	67	-1
15	14	14	-1
122	134	115	-1
15	22	27	-1
27	75	108	-1
23	50	78	-1
12	14	15	-1
29	74	109	-1
27	61	90	-1
26	51	76	+1
10	14	14	-1
12	14	13	-1
20	42	62	-1
28	50	72	-1
33	41	46	-1
12	15	12	-1
14	18	15	-1
19	39	56	-1
22	52	83	-1
37	95	132	-1
12	16	16	-1
26	69	93	-1
25	55	75	-1
13	18	17	-1
31	79	110	-1
26	46	68	+1
27	68	100	-1
23	55	83	-1
24	58	85	-1
12	15	13	-1
27	69	102	-1
26	71	97	-1
28	67	90	-1
26	65	96	-1
16	19	14	-1
26	56	73	-1
29	89	122	-1
20	47	73	-1
116	127	109	-1
29	72	94	-1
127	88	61	+1
27	74	106	-1
26	29	25	-1
15	18	16	-1
23	46	73	-1
25	61	92	-1
27	66	98	-1
23	49	73	-1
23	26	26	-1
31	67	98	-1
32	77	115	-1
25	56	82	-1
16	18	14	-1
26	59	90	-1
21	45	60	-1
13	18	17	-1
14	17	16	-1
17	18	15	-1
14	16	12	-1
28	69	102	-1
103	132	116	-1
30	72	108	-1
12	14	14	-1
225	241	140	-1
37	105	138	-1
13	17	17	-1
171	140	95	+1
26	65	94	-1
31	76	110	-1
25	71	99	-1
12	12	13	-1
25	64	89	-1
24	58	82	-1
29	84	117	-1
15	17	16	-1
238	240	223	-1
31	77	102	-1
76	106	116	-1
22	52	74	-1
27	64	87	-1
20	45	62	-1
25	50	77	-1
21	42	62	-1
23	58	90	-1
17	26	38	-1
23	41	60	-1
22	53	82	-1
223	209	145	+1
21	46	66	-1
210	189	128	+1
13	17	13	-1
13	17	12	-1
22	45	72	-1
30	75	108	-1
29	73	104	-1
25	63	89	-1
23	55	86	-1
223	209	144	+1
26	58	83	-1
15	17	16	-1
20	46	73	-1
30	54	60	-1
32	87	120	-1
27	67	98	-1
13	16	13	-1
171	189	90	-1
14	16	14	-1
13	15	12	-1
31	60	82	-1
26	59	88	-1
39	44	48	-1
33	81	114	-1
13	13	13	-1
13	15	13	-1
14	18	17	-1
121	133	112	-1
22	51	75	-1
19	38	57	-1
26	53	77	-1
24	49	74	-1
14	16	13	-1
27	52	75	-1
28	76	107	-1
211	176	133	+1
25	63	89	-1
13	15	13	-1
23	46	67	-1
20	45	65	-1
28	60	77	-1
13	17	14	-1
22	46	67	-1
27	70	103	-1
120	131	112	-1
22	25	24	-1
25	44	68	-1
18	21	20	-1
26	59	83	-1
190	167	114	+1
21	50	71	-1
14	16	15	-1
26	69	100	-1
22	49	75	-1
23	60	90	-1
14	17	16	-1
104	117	102	-1
15	19	17	-1
12	15	13	-1
22	53	82	-1
26	65	98	-1
25	68	98	-1
23	46	72	-1
12	15	15	-1
28	69	99	-1
23	55	75	-1
20	41	62	-1
54	107	125	-1
176	185	90	-1
13	16	12	-1
180	153	113	+1
26	50	79	-1
28	69	98	-1
16	19	16	-1
22	47	66	-1
25	56	75	-1
20	38	58	-1
34	88	122	-1
28	67	99	-1
36	62	78	+1
24	53	80	-1
14	17	13	-1
25	61	88	-1
26	48	74	+1
25	47	74	+1
12	14	13	-1
26	53	75	-1
19	39	56	-1
23	54	77	-1
128	98	67	+1
24	52	67	-1
20	28	44	-1
22	46	71	-1
31	68	98	-1
14	16	13	-1
23	51	79	-1
13	15	13	-1
12	15	13	-1
30	66	88	-1
26	68	94	-1
29	71	101	-1
186	158	102	+1
23	60	91	-1
24	61	92	-1
13	17	12	-1
26	49	69	-1
28	75	103	-1
20	45	66	-1
23	48	72	-1
14	17	15	-1
25	57	76	-1
17	20	18	-1
23	49	79	-1
19	30	47	-1
66	169	190	-1
20	43	65	-1
122	145	150	-1
13	15	14	-1
27	62	89	-1
20	43	66	-1
16	17	16	-1
23	51	75	-1
116	127	109	-1
15	17	17	-1
22	47	74	-1
25	51	77	+1
22	48	74	-1
27	54	79	-1
26	50	74	+1
15	17	15	-1
178	146	94	+1
23	47	72	-1
41	55	33	-1
25	49	77	-1
25	60	87	-1
23	51	82	-1
35	56	71	-1
28	42	60	-1
20	46	69	-1
13	14	14	-1
40	108	143	-1
22	51	73	-1
117	130	112	-1
221	205	142	+1
28	54	72	+1
170	148	114	+1
32	62	77	+1
190	141	100	+1
196	177	125	+1
141	110	72	+1
183	153	103	+1
29	51	70	+1
187	162	108	+1
177	172	128	+1
219	191	121	+1
165	151	111	+1
30	50	66	+1
180	175	133	+1
220	203	139	+1
26	47	70	+1
223	209	145	+1
201	163	117	+1
24	48	76	+1
182	176	129	+1
24	54	78	+1
29	47	71	+1
184	169	123	+1
27	57	74	+1
25	40	60	+1
24	51	73	+1
186	144	84	+1
160	133	96	+1
217	200	138	+1
218	202	139	+1
31	57	77	+1
162	120	80	+1
23	49	73	+1
179	157	108	+1
212	196	132	+1
172	131	87	+1
208	189	130	+1
199	177	123	+1
159	92	60	+1
25	54	71	+1
182	162	111	+1
211	194	133	+1
90	56	42	+1
188	151	112	+1
23	44	66	+1
180	143	93	+1
24	24	20	+1
52	77	120	+1
135	116	85	+1
31	45	66	+1
171	138	96	+1
28	65	73	+1
29	56	79	+1
24	43	67	+1
25	46	68	+1
174	156	104	+1
179	158	114	+1
204	185	126	+1
201	176	117	+1
27	53	71	+1
67	85	78	+1
26	51	76	+1
125	108	78	+1
212	198	135	+1
178	159	114	+1
168	150	95	+1
137	103	70	+1
127	107	83	+1
19	30	45	+1
212	197	135	+1
175	144	94	+1
25	48	73	+1
192	160	114	+1
177	150	108	+1
192	160	106	+1
195	173	123	+1
26	44	69	+1
167	132	87	+1
192	172	122	+1
27	52	76	+1
30	62	82	+1
25	53	78	+1
182	149	97	+1
26	45	70	+1
189	180	133	+1
26	53	71	+1
25	45	69	+1
126	87	69	+1
26	56	81	+1
191	158	120	+1
28	46	69	+1
176	140	91	+1
25	54	78	+1
169	133	99	+1
174	144	98	+1
174	150	102	+1
30	56	73	+1
194	171	115	+1
30	52	76	+1
29	52	76	+1
223	204	138	+1
24	45	67	+1
33	58	78	+1
37	63	72	+1
27	45	68	+1
26	49	74	+1
182	149	92	+1
194	156	119	+1
24	57	83	+1
143	106	73	+1
190	164	105	+1
201	180	120	+1
35	55	69	+1
169	149	100	+1
165	134	107	+1
165	142	102	+1
137	105	75	+1
183	158	103	+1
180	156	113	+1
108	80	58	+1
139	111	76	+1
24	40	63	+1
196	172	124	+1
165	139	100	+1
26	44	70	+1
24	49	74	+1
135	123	93	+1
200	158	103	+1
24	44	69	+1
27	52	75	+1
112	76	46	+1
27	20	18	+1
217	202	142	+1
183	157	104	+1
154	116	88	+1
55	85	95	+1
181	143	91	+1
188	165	116	+1
42	86	95	+1
26	52	63	+1
24	49	74	+1
140	106	84	+1
26	56	84	+1
166	146	101	+1
174	150	105	+1
177	139	94	+1
25	56	75	+1
25	42	66	+1
172	144	104	+1
171	140	93	+1
210	161	117	+1
27	45	68	+1
127	88	55	+1
25	45	66	+1
169	141	97	+1
134	96	67	+1
22	20	16	+1
168	137	95	+1
22	45	71	+1
25	49	74	+1
160	120	82	+1
25	53	78	+1
213	195	131	+1
168	148	104	+1
164	119	80	+1
195	178	125	+1
24	43	68	+1
211	197	137	+1
46	75	70	+1
170	134	88	+1
169	128	87	+1
28	60	84	+1
172	130	89	+1
162	115	94	+1
24	52	78	+1
147	120	85	+1
27	53	77	+1
183	149	100	+1
24	46	70	+1
24	48	75	+1
175	134	106	+1
177	154	113	+1
212	199	138	+1
24	49	71	+1
176	146	93	+1
185	163	108	+1
177	144	92	+1
213	164	123	+1
25	44	68	+1
166	141	100	+1
198	175	117	+1
192	178	125	+1
216	200	138	+1
216	199	135	+1
172	143	97	+1
192	163	109	+1
174	163	118	+1
22	30	44	+1
29	52	76	+1
26	50	70	+1
164	146	103	+1
31	67	88	+1
157	126	91	+1
135	110	87	+1
28	61	72	+1
169	155	115	+1
29	61	81	+1
168	132	88	+1
27	53	78	+1
213	199	135	+1
24	52	75	+1
205	186	129	+1
184	154	100	+1
195	165	104	+1
25	46	70	+1
168	130	88	+1
103	67	50	+1
180	149	97	+1
96	74	56	+1
220	202	139	+1
26	47	68	+1
193	166	114	+1
179	154	101	+1
134	107	77	+1
22	47	73	+1
171	135	87	+1
23	41	65	+1
169	160	118	+1
174	143	95	+1
28	46	64	+1
66	72	71	+1
160	128	84	+1
193	164	113	+1
174	147	100	+1
171	138	91	+1
122	86	60	+1
24	46	72	+1
22	39	65	+1
183	145	96	+1
27	49	74	+1
147	131	96	+1
153	140	108	+1
196	179	125	+1
211	178	131	+1
181	154	104	+1
176	148	103	+1
25	52	78	+1
31	65	79	+1
25	41	54	+1
222	208	144	+1
33	63	79	+1
187	164	109	+1
225	215	151	+1
177	168	122	+1
152	133	87	+1
215	203	138	+1
35	64	81	+1
159	116	79	+1
27	53	78	+1
28	53	74	+1
25	52	77	+1
26	50	74	+1
136	100	79	+1
192	153	113	+1
194	164	108	+1
25	58	81	+1
30	65	89	+1
181	153	99	+1
170	142	95	+1
214	196	136	+1
213	159	112	+1
216	202	138	+1
183	159	107	+1
26	58	80	+1
176	147	98	+1
196	166	117	+1
26	53	80	+1
176	148	101	+1
170	143	100	+1
179	150	101	+1
25	26	22	+1
24	49	74	+1
183	147	93	+1
171	136	91	+1
180	146	94	+1
190	162	114	+1
26	53	79	+1
119	81	56	+1
206	190	134	+1
26	51	76	+1
25	49	76	+1
170	127	85	+1
201	178	120	+1
197	169	109	+1
26	50	74	+1
27	55	77	+1
171	142	96	+1
168	135	90	+1
25	49	72	+1
26	55	79	+1
167	126	82	+1
24	51	72	+1
24	49	75	+1
28	57	75	+1
26	55	75	+1
27	47	67	+1
196	175	119	+1
164	132	100	+1
26	51	76	+1
155	147	115	+1
26	51	75	+1
28	53	68	+1
163	130	90	+1
154	123	92	+1
217	178	127	+1
26	47	70	+1
135	113	84	+1
207	192	131	+1
161	125	96	+1
177	152	107	+1
180	144	94	+1
22	41	66	+1
184	163	114	+1
28	49	75	+1
174	145	97	+1
152	109	78	+1
27	56	79	+1
25	50	66	+1
30	56	77	+1
158	138	97	+1
25	52	69	+1
25	53	73	+1
178	142	103	+1
178	146	89	+1
24	47	71	+1
47	76	83	+1
24	46	69	+1
156	130	94	+1
42	78	87	+1
188	134	81	+1
159	115	70	+1
26	47	72	+1
22	41	63	+1
182	150	98	+1
23	39	64	+1
226	214	149	+1
70	103	94	+1
205	197	139	+1
28	50	74	+1
167	137	93	+1
179	151	114	+1
211	192	131	+1
25	56	79	+1
24	28	24	+1
199	176	115	+1
22	42	66	+1
172	141	95	+1
151	121	87	+1
193	144	104	+1
25	47	71	+1
173	140	92	+1
207	189	130	+1
218	207	144	+1
214	199	139	+1
179	143	96	+1
198	168	124	+1
82	51	41	+1
185	151	95	+1
23	51	76	+1
219	200	136	+1
222	206	141	+1
163	136	88	+1
116	79	68	+1
25	46	72	+1
204	138	98	+1
166	113	77	+1
27	50	72	+1
159	133	90	+1
127	107	78	+1
25	57	78	+1
129	90	65	+1
179	141	86	+1
216	202	137	+1
25	55	80	+1
181	162	112	+1
198	172	114	+1
178	143	89	+1
202	179	123	+1
25	52	77	+1
28	53	75	+1
27	50	71	+1
175	143	93	+1
140	106	68	+1
27	51	73	+1
215	200	136	+1
177	141	97	+1
225	211	147	+1
165	147	104	+1
216	198	135	+1
25	48	66	+1
25	47	72	+1
167	133	94	+1
25	45	71	+1
203	162	110	+1
209	169	121	+1
27	56	79	+1
136	115	87	+1
174	151	108	+1
24	49	71	+1
29	49	70	+1
33	63	85	+1
171	150	109	+1
205	163	118	+1
46	84	89	+1
33	68	86	+1
164	126	83	+1
24	54	78	+1
202	183	126	+1
27	45	65	+1
24	55	79	+1
218	201	135	+1
187	166	128	+1
175	153	111	+1
206	157	115	+1
61	96	90	+1
222	210	148	+1
35	57	72	+1
29	59	71	+1
140	102	72	+1
176	137	88	+1
23	42	67	+1
178	151	100	+1
30	62	82	+1
214	194	131	+1
221	200	137	+1
24	24	21	+1
29	53	74	+1
175	148	101	+1
160	120	76	+1
27	58	81	+1
171	139	93	+1
153	131	91	+1
27	54	76	+1
86	42	32	+1
174	135	82	+1
172	145	107	+1
145	122	93	+1
32	54	73	+1
27	50	73	+1
213	197	133	+1
29	49	70	+1
176	150	102	+1
22	44	71	+1
164	124	81	+1
186	162	110	+1
141	107	77	+1
176	143	94	+1
27	47	71	+1
27	42	61	+1
227	213	148	+1
26	55	80	+1
152	115	73	+1
175	141	93	+1
214	197	139	+1
156	104	81	+1
201	179	116	+1
186	158	119	+1
174	167	120	+1
211	192	128	+1
211	196	136	+1
182	125	93	+1
27	54	76	+1
197	175	121	+1
157	130	100	+1
209	196	136	+1
196	160	119	+1
28	55	76	+1
205	190	133	+1
171	143	100	+1
25	53	77	+1
26	53	78	+1
25	49	73	+1
177	178	134	+1
27	56	82	+1
197	175	119	+1
27	53	80	+1
109	79	56	+1
200	181	126	+1
25	53	76	+1
134	131	101	+1
172	140	91	+1
29	47	63	+1
23	42	69	+1
39	76	85	+1
179	155	105	+1
21	32	45	+1
26	44	60	+1
31	58	80	+1
26	45	71	+1
157	119	79	+1
29	44	65	+1
154	116	81	+1
25	26	24	+1
22	45	68	+1
32	75	94	+1
111	75	52	+1
208	170	127	+1
172	142	102	+1
25	47	75	+1
189	163	122	+1
25	54	77	+1
184	160	109	+1
139	113	79	+1
165	120	80	+1
187	157	115	+1
136	117	89	+1
221	210	147	+1
184	158	101	+1
23	45	71	+1
159	127	102	+1
171	136	95	+1
24	53	79	+1
195	171	119	+1
23	45	71	+1
157	138	106	+1
216	170	122	+1
99	69	50	+1
25	49	76	+1
25	55	78	+1
220	204	141	+1
178	150	101	+1
199	180	122	+1
28	52	75	+1
24	50	73	+1
222	206	141	+1
124	99	79	+1
177	139	106	+1
26	49	75	+1
106	62	48	+1
28	44	63	+1
186	160	117	+1
169	139	90	+1
180	153	118	+1
24	49	73	+1
164	149	115	+1
24	45	69	+1
27	48	73	+1
176	146	108	+1
169	132	88	+1
159	130	93	+1
26	47	73	+1
146	106	72	+1
171	145	105	+1
188	122	98	+1
24	49	74	+1
34	66	81	+1
168	89	70	+1
36	65	78	+1
163	137	104	+1
187	160	105	+1
25	61	81	+1
215	197	133	+1
26	55	80	+1
179	153	102	+1
172	129	84	+1
25	49	72	+1
184	155	98	+1
209	191	132	+1
155	141	103	+1
20	28	42	+1
182	149	112	+1
186	151	95	+1
169	140	97	+1
22	46	73	+1
175	154	119	+1
37	62	80	+1
221	203	136	+1
167	127	83	+1
171	152	110	+1
167	149	101	+1
203	182	119	+1
193	167	112	+1
27	52	73	+1
102	124	108	+1
34	59	76	+1
175	160	119	+1
174	151	111	+1
199	177	119	+1
97	70	54	+1
135	114	85	+1
27	46	59	+1
29	58	70	+1
167	122	79	+1
25	43	67	+1
25	54	77	+1
212	195	133	+1
26	48	62	+1
179	154	104	+1
177	144	97	+1
97	113	97	+1
24	42	64	+1
174	146	105	+1
192	165	111	+1
176	166	123	+1
185	152	110	+1
167	133	87	+1
26	52	77	+1
26	53	76	+1
184	160	109	+1
170	133	87	+1
165	160	120	+1
197	161	100	+1
27	52	77	+1
171	143	117	+1
157	127	96	+1
187	154	103	+1
170	146	100	+1
130	95	64	+1
24	44	69	+1
204	180	121	+1
170	135	86	+1
170	123	91	+1
119	97	71	+1
161	134	91	+1
205	181	135	+1
35	60	77	+1
132	96	66	+1
192	172	117	+1
25	46	72	+1
201	185	126	+1
177	144	97	+1
218	196	128	+1
161	143	110	+1
227	210	143	+1
24	43	66	+1
198	177	120	+1
171	141	98	+1
219	204	141	+1
172	147	103	+1
177	149	96	+1
182	167	113	+1
31	49	64	+1
25	42	66	+1
219	199	136	+1
25	45	68	+1
26	55	79	+1
224	210	146	+1
205	144	105	+1
139	94	78	+1
176	148	99	+1
29	55	77	+1
156	142	116	+1
33	58	74	+1
168	150	116	+1
189	148	108	+1
23	45	70	+1
43	74	80	+1
30	51	75	+1
26	53	80	+1
143	120	85	+1
177	153	104	+1
29	45	62	+1
26	56	71	+1
177	144	93	+1
185	164	123	+1
186	168	117	+1
178	147	98	+1
217	201	137	+1
28	57	70	+1
134	107	77	+1
25	49	73	+1
26	55	80	+1
148	124	94	+1
165	138	96	+1
22	42	66	+1
185	160	110	+1
26	55	77	+1
172	91	67	+1
214	196	130	+1
135	121	91	+1
226	213	149	+1
36	57	74	+1
25	50	77	+1
41	66	74	+1
188	152	107	+1
181	148	97	+1
27	56	73	+1
192	172	118	+1
170	139	89	+1
171	150	108	+1
29	49	65	+1
240	240	229	+1
25	26	22	+1
40	71	77	+1
29	60	78	+1
171	142	94	+1
27	41	58	+1
26	43	68	+1
28	47	71	+1
189	158	105	+1
26	55	84	+1
22	41	63	+1
160	112	68	+1
27	42	62	+1
178	140	94	+1
211	198	135	+1
158	128	90	+1
139	131	112	+1
188	155	102	+1
212	194	132	+1
133	115	93	+1
176	147	101	+1
29	50	68	+1
172	163	123	+1
165	146	105	+1
32	60	80	+1
150	91	72	+1
131	108	83	+1
194	174	122	+1
183	154	98	+1
122	80	49	+1
194	173	120	+1
108	78	59	+1
27	59	85	+1
25	51	78	+1
125	111	85	+1
173	153	111	+1
26	55	78	+1
191	166	110	+1
198	171	111	+1
28	45	54	+1
25	50	73	+1
199	174	115	+1
62	95	99	+1
222	211	149	+1
25	49	72	+1
43	75	87	+1
194	167	109	+1
149	129	92	+1
29	55	76	+1
190	167	118	+1
22	22	20	+1
27	54	78	+1
179	152	105	+1
176	144	94	+1
176	153	102	+1
23	48	74	+1
30	77	139	+1
165	130	86	+1
219	201	138	+1
169	150	111	+1
196	169	111	+1
167	143	109	+1
177	146	94	+1
194	169	112	+1
25	53	76	+1
179	146	110	+1
126	104	73	+1
209	193	132	+1
28	45	69	+1
194	160	107	+1
25	50	77	+1
221	205	143	+1
21	31	44	+1
205	167	120	+1
29	59	80	+1
182	156	106	+1
35	58	75	+1
123	100	72	+1
222	206	139	+1
174	151	107	+1
196	174	119	+1
25	27	23	+1
184	147	95	+1
107	74	50	+1
25	42	66	+1
111	85	59	+1
114	142	115	+1
222	205	142	+1
173	155	113	+1
24	38	49	+1
24	44	70	+1
30	67	88	+1
225	211	145	+1
182	120	91	+1
195	177	123	+1
29	62	85	+1
26	59	81	+1
194	161	101	+1
25	55	80	+1
22	43	62	+1
225	211	147	+1
26	45	59	+1
28	43	61	+1
24	49	74	+1
26	53	77	+1
205	183	125	+1
29	54	83	+1
159	129	90	+1
180	142	95	+1
176	145	115	+1
25	49	75	+1
216	200	137	+1
25	43	66	+1
28	43	66	+1
173	127	82	+1
84	41	28	+1
187	161	106	+1
165	129	82	+1
132	139	113	+1
172	132	87	+1
196	180	124	+1
196	182	132	+1
109	122	96	+1
167	135	91	+1
37	66	77	+1
188	151	92	+1
121	97	72	+1
213	198	138	+1
163	164	129	+1
167	131	85	+1
90	113	104	+1
25	45	72	+1
173	128	85	+1
195	171	117	+1
204	183	122	+1
26	56	80	+1
27	53	79	+1
155	118	78	+1
217	207	144	+1
194	145	86	+1
26	41	66	+1
223	208	143	+1
141	127	96	+1
23	45	70	+1
197	163	120	+1
26	50	72	+1
25	46	71	+1
172	139	86	+1
202	183	125	+1
23	36	48	+1
192	169	119	+1
27	46	64	+1
182	150	101	+1
126	92	70	+1
122	101	77	+1
170	127	80	+1
163	133	87	+1
89	99	86	+1
176	160	120	+1
190	163	121	+1
177	161	120	+1
50	85	96	+1
26	49	74	+1
209	196	137	+1
29	60	83	+1
24	55	79	+1
25	47	66	+1
24	56	82	+1
186	116	89	+1
28	58	72	+1
211	195	132	+1
185	155	103	+1
175	143	93	+1
167	135	94	+1
27	49	72	+1
175	146	97	+1
25	44	60	+1
28	63	81	+1
197	159	118	+1
207	151	111	+1
164	133	95	+1
25	50	77	+1
28	55	73	+1
191	164	111	+1
28	53	72	+1
24	52	77	+1
26	55	77	+1
189	154	97	+1
172	138	99	+1
186	166	115	+1
179	148	96	+1
130	88	67	+1
200	170	122	+1
179	132	103	+1
105	77	58	+1
26	51	77	+1
168	133	88	+1
161	129	91	+1
167	127	83	+1
195	175	120	+1
110	92	68	+1
89	52	29	+1
183	149	95	+1
174	158	119	+1
157	121	91	+1
105	92	96	+1
26	55	70	+1
88	54	42	+1
135	115	76	+1
154	137	95	+1
190	148	107	+1
163	129	82	+1
45	82	117	+1
170	130	100	+1
182	162	117	+1
90	58	42	+1
173	140	88	+1
25	45	68	+1
215	200	137	+1
141	109	74	+1
169	141	111	+1
215	203	141	+1
146	116	82	+1
178	146	108	+1
146	118	85	+1
199	187	131	+1
157	141	105	+1
25	40	60	+1
192	153	109	+1
29	62	85	+1
30	72	134	+1
28	60	76	+1
151	128	93	+1
131	104	67	+1
41	61	77	+1
27	48	73	+1
177	147	108	+1
153	123	88	+1
203	162	97	+1
61	27	23	+1
215	187	138	+1
25	55	81	+1
216	201	140	+1
26	44	66	+1
156	133	92	+1
203	167	120	+1
25	44	70	+1
28	49	70	+1
179	146	100	+1
161	145	107	+1
156	119	78	+1
164	124	81	+1
193	168	112	+1
25	51	74	+1
169	128	83	+1
29	55	76	+1
28	46	69	+1
24	50	76	+1
25	51	75	+1
160	152	119	+1
26	55	81	+1
146	99	65	+1
154	129	105	+1
28	45	72	+1
217	202	139	+1
204	137	97	+1
146	107	67	+1
29	50	72	+1
24	42	62	+1
182	155	113	+1
24	45	70	+1
25	51	75	+1
137	114	87	+1
184	147	92	+1
215	178	127	+1
151	112	76	+1
25	52	73	+1
24	54	75	+1
195	175	122	+1
196	177	117	+1
188	151	93	+1
201	164	122	+1
152	116	79	+1
209	166	122	+1
20	29	40	+1
175	151	110	+1
24	43	66	+1
23	36	49	+1
166	129	87	+1
57	77	73	+1
162	135	102	+1
218	203	142	+1
25	45	58	+1
150	125	91	+1
186	155	101	+1
219	180	133	+1
185	152	100	+1
33	64	85	+1
26	43	68	+1
40	80	90	+1
166	149	110	+1
161	143	99	+1
26	45	69	+1
150	172	92	+1
171	141	93	+1
26	50	76	+1
204	186	124	+1
25	48	72	+1
170	114	86	+1
218	204	142	+1
26	49	74	+1
32	63	80	+1
178	140	105	+1
134	100	67	+1
157	119	80	+1
25	46	74	+1
168	137	90	+1
25	56	82	+1
24	55	79	+1
202	178	116	+1
165	144	95	+1
186	168	118	+1
139	140	113	+1
144	124	93	+1
105	121	91	+1
212	195	134	+1
28	56	75	+1
209	190	130	+1
141	119	88	+1
146	123	88	+1
179	176	129	+1
32	85	149	+1
173	141	105	+1
25	54	80	+1
26	55	69	+1
168	137	99	+1
28	58	77	+1
25	45	68	+1
25	53	78	+1
199	177	112	+1
24	42	66	+1
178	134	99	+1
173	167	124	+1
24	35	47	+1
195	165	110	+1
126	100	68	+1
176	142	93	+1
189	155	99	+1
24	54	77	+1
201	172	111	+1
38	71	86	+1
27	43	54	+1
177	140	88	+1
176	158	118	+1
162	135	93	+1
220	199	136	+1
172	143	101	+1
129	93	62	+1
228	215	150	+1
25	49	74	+1
170	135	86	+1
208	182	121	+1
27	53	75	+1
220	205	141	+1
168	127	87	+1
168	148	106	+1
185	159	108	+1
171	143	97	+1
174	139	95	+1
30	56	83	+1
27	28	23	+1
209	155	108	+1
179	145	93	+1
213	203	140	+1
34	67	79	+1
26	43	62	+1
161	133	93	+1
67	92	86	+1
183	154	105	+1
25	26	24	+1
191	174	119	+1
182	157	104	+1
158	114	71	+1
175	142	91	+1
224	209	146	+1
138	104	74	+1
25	48	72	+1
25	43	69	+1
27	50	68	+1
198	174	118	+1
201	179	119	+1
173	97	75	+1
23	47	74	+1
26	53	71	+1
173	121	95	+1
134	93	60	+1
28	30	27	+1
27	47	71	+1
24	47	72	+1
202	185	131	+1
184	156	103	+1
219	203	138	+1
29	53	57	+1
28	51	65	+1
24	47	72	+1
218	203	138	+1
29	53	68	+1
23	37	59	+1
32	63	86	+1
174	140	89	+1
21	21	20	+1
26	58	79	+1
148	117	86	+1
23	50	73	+1
25	46	70	+1
166	132	85	+1
25	51	69	+1
180	138	87	+1
28	58	78	+1
157	176	91	+1
162	95	77	+1
147	166	87	+1
27	49	72	+1
25	45	71	+1
69	62	31	+1
24	43	66	+1
216	204	143	+1
168	141	98	+1
28	54	72	+1
211	200	140	+1
218	187	117	+1
151	131	95	+1
23	44	69	+1
99	66	46	+1
151	118	82	+1
134	98	64	+1
201	180	124	+1
208	191	133	+1
26	56	79	+1
178	166	127	+1
161	134	97	+1
173	137	88	+1
200	187	129	+1
213	202	140	+1
36	63	73	+1
211	194	134	+1
30	52	71	+1
173	139	91	+1
154	140	110	+1
184	133	96	+1
176	141	114	+1
221	208	146	+1
25	27	23	+1
102	80	59	+1
173	133	90	+1
35	68	82	+1
221	208	144	+1
25	27	24	+1
151	110	71	+1
153	173	89	+1
168	138	96	+1
27	51	72	+1
135	114	85	+1
135	102	75	+1
185	158	119	+1
147	103	70	+1
29	51	72	+1
147	118	84	+1
187	144	85	+1
171	125	81	+1
175	157	115	+1
177	145	98	+1
27	59	79	+1
22	35	47	+1
168	146	110	+1
87	56	44	+1
221	204	138	+1
188	166	114	+1
190	156	114	+1
25	50	73	+1
29	67	88	+1
174	147	99	+1
25	46	60	+1
27	45	67	+1
189	156	122	+1
175	137	89	+1
161	130	90	+1
47	98	104	+1
25	51	75	+1
201	181	124	+1
24	42	68	+1
162	134	104	+1
26	56	78	+1
188	151	114	+1
143	99	64	+1
222	209	145	+1
21	37	57	+1
31	64	86	+1
173	143	97	+1
181	153	103	+1
26	51	76	+1
181	128	76	+1
179	158	110	+1
187	150	114	+1
222	208	145	+1
28	55	68	+1
165	133	91	+1
30	51	74	+1
27	54	75	+1
25	54	78	+1
27	60	84	+1
204	195	139	+1
22	49	72	+1
173	141	90	+1
209	160	117	+1
25	42	66	+1
27	47	70	+1
178	141	96	+1
49	85	91	+1
24	45	69	+1
192	157	108	+1
27	45	65	+1
191	167	113	+1
174	140	103	+1
28	53	77	+1
26	49	75	+1
26	46	70	+1
204	166	110	+1
42	65	71	+1
25	44	64	+1
166	135	94	+1
199	175	119	+1
34	65	83	+1
200	177	118	+1
29	67	84	+1
216	200	137	+1
25	57	80	+1
150	123	84	+1
28	57	81	+1
188	163	105	+1
27	53	78	+1
163	113	72	+1
177	146	99	+1
25	45	69	+1
26	54	80	+1
173	135	90	+1
173	139	87	+1
197	168	110	+1
211	198	137	+1
30	57	71	+1
220	203	137	+1
222	208	147	+1
27	53	72	+1
181	145	95	+1
27	61	83	+1
169	134	88	+1
23	33	45	+1
215	196	133	+1
26	54	75	+1
28	53	79	+1
169	129	83	+1
173	159	116	+1
24	48	71	+1
144	123	89	+1
178	148	97	+1
30	78	139	+1
170	148	98	+1
136	110	81	+1
169	134	86	+1
160	139	102	+1
29	52	70	+1
176	149	117	+1
24	48	72	+1
135	104	69	+1
195	169	113	+1
24	54	79	+1
25	55	80	+1
26	63	86	+1
24	45	67	+1
180	127	92	+1
177	133	85	+1
27	52	77	+1
29	55	71	+1
26	22	17	+1
170	147	101	+1
205	184	124	+1
178	151	101	+1
30	50	64	+1
25	49	72	+1
222	202	136	+1
26	46	71	+1
166	126	83	+1
145	115	84	+1
25	53	79	+1
178	139	88	+1
27	54	77	+1
27	47	68	+1
177	156	102	+1
173	137	88	+1
24	48	71	+1
78	43	34	+1
169	127	98	+1
163	121	78	+1
213	197	136	+1
174	135	80	+1
169	145	107	+1
173	139	93	+1
25	57	78	+1
221	206	139	+1
178	155	106	+1
212	193	129	+1
212	198	134	+1
37	76	96	+1
25	53	67	+1
223	203	138	+1
168	142	98	+1
28	58	80	+1
24	57	81	+1
205	160	114	+1
29	54	72	+1
175	149	101	+1
181	144	92	+1
26	51	71	+1
23	50	71	+1
179	169	124	+1
147	105	65	+1
161	117	83	+1
214	198	137	+1
25	48	71	+1
172	140	98	+1
27	42	62	+1
171	139	90	+1
28	54	77	+1
27	53	74	+1
186	144	104	+1
26	53	75	+1
200	181	125	+1
23	53	78	+1
210	190	128	+1
23	54	78	+1
27	59	80	+1
29	56	74	+1
27	54	79	+1
173	151	104	+1
166	140	112	+1
26	57	78	+1
166	141	103	+1
46	76	83	+1
216	199	138	+1
173	134	91	+1
173	139	92	+1
29	58	80	+1
23	42	68	+1
21	29	39	+1
185	154	114	+1
26	46	70	+1
157	146	103	+1
160	118	81	+1
158	131	94	+1
29	57	80	+1
186	152	100	+1
60	31	26	+1
175	142	92	+1
171	140	97	+1
167	101	76	+1
170	138	91	+1
167	123	76	+1
20	33	45	+1
214	198	135	+1
26	55	81	+1
23	44	67	+1
197	148	116	+1
25	52	78	+1
196	172	116	+1
169	137	94	+1
165	144	105	+1
41	85	139	+1
173	150	96	+1
184	128	75	+1
164	147	109	+1
23	38	61	+1
190	169	112	+1
179	146	102	+1
25	54	78	+1
32	56	75	+1
105	67	50	+1
110	76	65	+1
88	106	96	+1
29	58	82	+1
29	53	65	+1
27	56	83	+1
24	51	76	+1
163	151	103	+1
208	166	98	+1
169	130	84	+1
178	141	94	+1
175	169	127	+1
150	146	117	+1
160	117	85	+1
26	50	74	+1
25	51	76	+1
192	172	120	+1
26	56	81	+1
171	130	85	+1
24	40	62	+1
153	113	77	+1
27	51	69	+1
178	140	87	+1
28	51	76	+1
166	144	102	+1
186	154	99	+1
20	30	44	+1
26	65	88	+1
25	53	81	+1
147	95	56	+1
28	49	71	+1
131	109	82	+1
43	95	145	+1
25	49	75	+1
166	124	96	+1
190	164	114	+1
177	139	95	+1
175	138	85	+1
184	159	108	+1
43	89	122	+1
216	209	149	+1
23	50	77	+1
227	215	152	+1
166	106	82	+1
24	45	67	+1
217	204	142	+1
25	42	64	+1
26	45	69	+1
157	132	100	+1
106	79	59	+1
190	141	100	+1
206	169	116	+1
175	141	111	+1
180	146	96	+1
152	131	96	+1
27	46	69	+1
198	167	107	+1
179	139	92	+1
23	41	67	+1
180	146	93	+1
158	103	69	+1
28	56	74	+1
187	158	107	+1
212	190	129	+1
25	43	67	+1
212	197	138	+1
135	111	78	+1
25	44	63	+1
179	143	104	+1
217	204	142	+1
169	139	102	+1
125	95	69	+1
128	81	55	+1
172	156	112	+1
187	146	110	+1
223	207	139	+1
150	69	52	+1
46	34	32	+1
192	157	101	+1
25	49	72	+1
177	146	98	+1
195	175	122	+1
125	159	136	+1
27	53	76	+1
79	101	93	+1
180	159	104	+1
85	46	30	+1
165	131	99	+1
32	54	73	+1
186	161	108	+1
26	51	76	+1
177	137	91	+1
223	211	149	+1
175	143	94	+1
26	58	83	+1
221	210	146	+1
143	114	87	+1
155	134	108	+1
212	195	132	+1
27	43	64	+1
28	41	61	+1
194	168	112	+1
27	46	69	+1
29	52	70	+1
30	57	75	+1
119	92	66	+1
176	143	89	+1
25	43	61	+1
175	163	117	+1
184	151	99	+1
24	39	63	+1
176	137	89	+1
222	206	141	+1
208	163	118	+1
83	106	95	+1
28	51	73	+1
25	54	79	+1
193	166	118	+1
28	55	75	+1
25	54	76	+1
22	48	73	+1
196	181	128	+1
28	49	71	+1
157	134	86	+1
137	115	81	+1
171	135	88	+1
137	108	80	+1
29	52	76	+1
147	121	85	+1
27	52	71	+1
185	137	87	+1
177	157	112	+1
214	195	131	+1
171	144	102	+1
25	46	71	+1
25	48	73	+1
171	141	95	+1
181	151	96	+1
207	186	126	+1
26	43	66	+1
26	53	77	+1
112	88	67	+1
168	148	107	+1
172	156	112	+1
160	138	99	+1
30	77	141	+1
25	50	74	+1
24	45	65	+1
22	38	61	+1
28	56	73	+1
213	198	136	+1
23	46	69	+1
31	63	73	+1
39	69	87	+1
50	80	77	+1
216	201	138	+1
179	149	111	+1
98	126	109	+1
30	55	76	+1
24	45	71	+1
24	45	69	+1
27	27	24	+1
28	31	24	+1
26	54	77	+1
181	164	115	+1
167	143	97	+1
23	47	72	+1
220	203	140	+1
180	159	121	+1
24	40	63	+1
175	140	91	+1
126	95	66	+1
123	99	72	+1
155	129	92	+1
188	155	117	+1
30	64	86	+1
26	48	73	+1
221	206	142	+1
25	48	69	+1
194	167	119	+1
25	55	81	+1
26	44	56	+1
27	58	83	+1
170	121	86	+1
172	133	88	+1
122	90	60	+1
205	183	124	+1
26	51	76	+1
22	41	63	+1
26	56	78	+1
27	50	71	+1
179	148	97	+1
166	142	103	+1
73	113	107	+1
159	121	82	+1
104	71	54	+1
24	48	72	+1
127	87	68	+1
165	141	110	+1
25	49	70	+1
177	147	93	+1
28	80	147	+1
198	179	124	+1
152	130	94	+1
226	211	144	+1
165	125	98	+1
27	48	70	+1
19	28	42	+1
210	197	138	+1
178	141	95	+1
27	54	75	+1
169	152	104	+1
171	148	106	+1
217	202	139	+1
169	148	106	+1
151	133	96	+1
25	52	77	+1
156	134	102	+1
30	52	73	+1
172	136	101	+1
147	140	109	+1
153	124	88	+1
21	35	47	+1
90	58	44	+1
28	53	77	+1
27	53	79	+1
28	50	73	+1
173	127	78	+1
24	44	66	+1
22	43	65	+1
133	101	67	+1
169	140	97	+1
27	51	76	+1
137	98	63	+1
30	53	70	+1
216	199	136	+1
24	53	79	+1
26	27	25	+1
24	49	76	+1
219	204	138	+1
134	107	73	+1
26	51	74	+1
25	45	69	+1
171	137	103	+1
26	45	68	+1
138	112	80	+1
27	59	79	+1
164	136	89	+1
173	143	96	+1
27	54	76	+1
160	130	84	+1
129	116	86	+1
168	143	97	+1
25	44	69	+1
169	151	115	+1
26	45	69	+1
223	202	137	+1
186	161	106	+1
141	108	78	+1
24	52	72	+1
25	46	72	+1
169	150	113	+1
199	177	112	+1
176	161	118	+1
225	213	153	+1
207	161	121	+1
25	44	67	+1
158	141	98	+1
171	140	90	+1
26	50	74	+1
188	164	113	+1
187	150	111	+1
200	155	91	+1
25	51	77	+1
181	148	97	+1
178	156	114	+1
25	42	61	+1
172	139	88	+1
171	145	104	+1
196	175	122	+1
33	64	85	+1
154	144	103	+1
162	138	101	+1
29	55	76	+1
26	53	70	+1
25	39	58	+1
178	140	87	+1
182	117	88	+1
93	106	59	+1
27	53	77	+1
154	142	101	+1
25	50	76	+1
176	139	93	+1
28	49	73	+1
26	53	75	+1
26	49	74	+1
28	34	35	+1
23	44	66	+1
155	145	113	+1
23	51	76	+1
26	54	79	+1
183	132	93	+1
189	145	85	+1
174	166	121	+1
37	24	18	+1
177	142	92	+1
202	183	126	+1
176	135	90	+1
216	192	128	+1
173	150	104	+1
160	123	87	+1
148	129	93	+1
168	185	162	+1
30	59	82	+1
23	24	21	+1
24	44	64	+1
166	132	87	+1
162	133	98	+1
27	60	71	+1
171	135	87	+1
165	144	105	+1
167	126	84	+1
171	132	95	+1
169	135	90	+1
211	158	113	+1
63	36	29	+1
192	147	111	+1
25	57	80	+1
167	136	103	+1
179	143	92	+1
90	96	99	+1
173	158	119	+1
208	161	115	+1
25	48	73	+1
179	152	108	+1
195	168	110	+1
22	41	65	+1
24	37	62	+1
24	46	61	+1
157	102	74	+1
30	45	65	+1
30	51	66	+1
24	44	59	+1
215	204	140	+1
179	147	97	+1
166	131	89	+1
170	139	89	+1
174	146	106	+1
177	134	85	+1
26	55	80	+1
31	49	65	+1
174	120	87	+1
28	50	64	+1
209	162	120	+1
24	47	73	+1
162	153	107	+1
24	45	71	+1
147	127	93	+1
25	44	65	+1
25	42	67	+1
201	178	121	+1
96	58	43	+1
31	56	73	+1
200	182	121	+1
26	44	68	+1
171	119	83	+1
29	55	72	+1
214	160	116	+1
191	161	119	+1
31	77	137	+1
171	135	94	+1
34	69	91	+1
187	162	108	+1
148	108	74	+1
173	91	65	+1
41	69	83	+1
23	41	64	+1
198	178	120	+1
169	120	94	+1
23	47	71	+1
27	46	70	+1
197	178	124	+1
26	51	74	+1
24	54	80	+1
27	53	77	+1
174	139	95	+1
146	114	82	+1
23	42	65	+1
164	138	96	+1
172	142	92	+1
217	203	139	+1
183	175	130	+1
171	135	90	+1
18	26	38	+1
170	134	85	+1
140	108	74	+1
27	54	78	+1
163	126	83	+1
139	128	96	+1
